1987,10,28,3,1020,1020,1121,1116,PS,1550,NA,61,56,NA,5,0,SJC,BUR,296,NA,NA,0,NA,0,NA,NA,NA,NA,NA
1987,10,29,4,NA,1020,NA,1116,PS,1550,NA,NA,56,NA,NA,NA,SJC,BUR,296,NA,NA,1,NA,0,NA,NA,NA,NA,NA
1987,10,30,5,1021,1020,1121,1116,PS,1550,NA,60,56,NA,5,1,SJC,BUR,296,NA,NA,0,NA,0,NA,NA,NA,NA,NA
1987,10,31,6,1021,1020,1128,1116,PS,1550,NA,67,56,NA,12,1,SJC,BUR,296,NA,NA,0,NA,0,NA,NA,NA,NA,NA
1987,10,1,4,NA,1010,NA,1117,PS,1551,NA,NA,67,NA,NA,NA,BUR,SMF,358,NA,NA,1,NA,0,NA,NA,NA,NA,NA
1987,10,2,5,1009,1010,1128,1117,PS,1551,NA,79,67,NA,11,-1,BUR,SMF,358,NA,NA,0,NA,0,NA,NA,NA,NA,NA
1987,10,4,7,1010,1010,1123,1117,PS,1551,NA,73,67,NA,6,0,BUR,SMF,358,NA,NA,0,NA,0,NA,NA,NA,NA,NA
1987,10,5,1,1010,1010,1113,1117,PS,1551,NA,63,67,NA,-4,0,BUR,SMF,358,NA,NA,0,NA,0,NA,NA,NA,NA,NA
1987,10,6,2,1031,1010,1136,1117,PS,1551,NA,65,67,NA,19,21,BUR,SMF,358,NA,NA,0,NA,0,NA,NA,NA,NA,NA
1987,10,7,3,1011,1010,1125,1117,PS,1551,NA,74,67,NA,8,1,BUR,SMF,358,NA,NA,0,NA,0,NA,NA,NA,NA,NA
1987,10,8,4,1011,1010,1120,1117,PS,1551,NA,69,67,NA,3,1,BUR,SMF,358,NA,NA,0,NA,0,NA,NA,NA,NA,NA
1987,10,9,5,1009,1010,1120,1117,PS,1551,NA,71,67,NA,3,-1,BUR,SMF,358,NA,NA,0,NA,0,NA,NA,NA,NA,NA
1987,10,11,7,1008,1010,1111,1117,PS,1551,NA,63,67,NA,-6,-2,BUR,SMF,358,NA,NA,0,NA,0,NA,NA,NA,NA,NA
1987,10,12,1,1016,1010,1126,1117,PS,1551,NA,70,67,NA,9,6,BUR,SMF,358,NA,NA,0,NA,0,NA,NA,NA,NA,NA
1987,10,13,2,1009,1010,1124,1117,PS,1551,NA,75,67,NA,7,-1,BUR,SMF,358,NA,NA,0,NA,0,NA,NA,NA,NA,NA
1987,10,14,3,1009,1010,1119,1117,PS,1551,NA,70,67,NA,2,-1,BUR,SMF,358,NA,NA,0,NA,0,NA,NA,NA,NA,NA
1987,10,15,4,1010,1010,1124,1117,PS,1551,NA,74,67,NA,7,0,BUR,SMF,358,NA,NA,0,NA,0,NA,NA,NA,NA,NA
1987,10,16,5,1008,1010,1144,1117,PS,1551,NA,96,67,NA,27,-2,BUR,SMF,358,NA,NA,0,NA,0,NA,NA,NA,NA,NA
1987,10,18,7,1008,1010,1118,1117,PS,1551,NA,70,67,NA,1,-2,BUR,SMF,358,NA,NA,0,NA,0,NA,NA,NA,NA,NA
1987,10,19,1,1009,1010,1116,1117,PS,1551,NA,67,67,NA,-1,-1,BUR,SMF,358,NA,NA,0,NA,0,NA,NA,NA,NA,NA
1987,10,20,2,1012,1010,1125,1117,PS,1551,NA,73,67,NA,8,2,BUR,SMF,358,NA,NA,0,NA,0,NA,NA,NA,NA,NA
1987,10,21,3,1010,1010,1119,1117,PS,1551,NA,69,67,NA,2,0,BUR,SMF,358,NA,NA,0,NA,0,NA,NA,NA,NA,NA
1987,10,22,4,1009,1010,1119,1117,PS,1551,NA,70,67,NA,2,-1,BUR,SMF,358,NA,NA,0,NA,0,NA,NA,NA,NA,NA
1987,10,23,5,1017,1010,1142,1117,PS,1551,NA,85,67,NA,25,7,BUR,SMF,358,NA,NA,0,NA,0,NA,NA,NA,NA,NA
1987,10,25,7,1008,1010,1118,1117,PS,1551,NA,70,67,NA,1,-2,BUR,SMF,358,NA,NA,0,NA,0,NA,NA,NA,NA,NA
1987,10,26,1,1009,1010,1117,1117,PS,1551,NA,68,67,NA,0,-1,BUR,SMF,358,NA,NA,0,NA,0,NA,NA,NA,NA,NA
1987,10,27,2,1013,1010,1121,1117,PS,1551,NA,68,67,NA,4,3,BUR,SMF,358,NA,NA,0,NA,0,NA,NA,NA,NA,NA
1987,10,28,3,1010,1010,1118,1122,PS,1551,NA,68,72,NA,-4,0,BUR,SMF,358,NA,NA,0,NA,0,NA,NA,NA,NA,NA
1987,10,29,4,1049,1010,1220,1122,PS,1551,NA,91,72,NA,58,39,BUR,SMF,358,NA,NA,0,NA,0,NA,NA,NA,NA,NA
1987,10,30,5,1010,1010,1129,1122,PS,1551,NA,79,72,NA,7,0,BUR,SMF,358,NA,NA,0,NA,0,NA,NA,NA,NA,NA
1987,10,1,4,1144,1145,1249,1250,PS,1552,NA,65,65,NA,-1,-1,SMF,BUR,358,NA,NA,0,NA,0,NA,NA,NA,NA,NA
1987,10,2,5,1144,1145,1251,1250,PS,1552,NA,67,65,NA,1,-1,SMF,BUR,358,NA,NA,0,NA,0,NA,NA,NA,NA,NA
1987,10,4,7,1145,1145,1252,1250,PS,1552,NA,67,65,NA,2,0,SMF,BUR,358,NA,NA,0,NA,0,NA,NA,NA,NA,NA
1987,10,5,1,1145,1145,1249,1250,PS,1552,NA,64,65,NA,-1,0,SMF,BUR,358,NA,NA,0,NA,0,NA,NA,NA,NA,NA
1987,10,6,2,1146,1145,1252,1250,PS,1552,NA,66,65,NA,2,1,SMF,BUR,358,NA,NA,0,NA,0,NA,NA,NA,NA,NA
1987,10,7,3,1144,1145,1257,1250,PS,1552,NA,73,65,NA,7,-1,SMF,BUR,358,NA,NA,0,NA,0,NA,NA,NA,NA,NA
1987,10,8,4,1147,1145,1253,1250,PS,1552,NA,66,65,NA,3,2,SMF,BUR,358,NA,NA,0,NA,0,NA,NA,NA,NA,NA
1987,10,9,5,1144,1145,1252,1250,PS,1552,NA,68,65,NA,2,-1,SMF,BUR,358,NA,NA,0,NA,0,NA,NA,NA,NA,NA
1987,10,11,7,1144,1145,1254,1250,PS,1552,NA,70,65,NA,4,-1,SMF,BUR,358,NA,NA,0,NA,0,NA,NA,NA,NA,NA
1987,10,12,1,1144,1145,1250,1250,PS,1552,NA,66,65,NA,0,-1,SMF,BUR,358,NA,NA,0,NA,0,NA,NA,NA,NA,NA
1987,10,13,2,1144,1145,1251,1250,PS,1552,NA,67,65,NA,1,-1,SMF,BUR,358,NA,NA,0,NA,0,NA,NA,NA,NA,NA
1987,10,14,3,1144,1145,1251,1250,PS,1552,NA,67,65,NA,1,-1,SMF,BUR,358,NA,NA,0,NA,0,NA,NA,NA,NA,NA
1987,10,15,4,1145,1145,1248,1250,PS,1552,NA,63,65,NA,-2,0,SMF,BUR,358,NA,NA,0,NA,0,NA,NA,NA,NA,NA
1987,10,16,5,1200,1145,1309,1250,PS,1552,NA,69,65,NA,19,15,SMF,BUR,358,NA,NA,0,NA,0,NA,NA,NA,NA,NA
1987,10,18,7,1144,1145,1249,1250,PS,1552,NA,65,65,NA,-1,-1,SMF,BUR,358,NA,NA,0,NA,0,NA,NA,NA,NA,NA
1987,10,20,2,1144,1145,1253,1250,PS,1552,NA,69,65,NA,3,-1,SMF,BUR,358,NA,NA,0,NA,0,NA,NA,NA,NA,NA
1987,10,21,3,1144,1145,1302,1250,PS,1552,NA,78,65,NA,12,-1,SMF,BUR,358,NA,NA,0,NA,0,NA,NA,NA,NA,NA
1987,10,22,4,1144,1145,1257,1250,PS,1552,NA,73,65,NA,7,-1,SMF,BUR,358,NA,NA,0,NA,0,NA,NA,NA,NA,NA
1987,10,23,5,1159,1145,1309,1250,PS,1552,NA,70,65,NA,19,14,SMF,BUR,358,NA,NA,0,NA,0,NA,NA,NA,NA,NA
1987,10,25,7,1145,1145,1257,1250,PS,1552,NA,72,65,NA,7,0,SMF,BUR,358,NA,NA,0,NA,0,NA,NA,NA,NA,NA
1987,10,26,1,1148,1145,1258,1250,PS,1552,NA,70,65,NA,8,3,SMF,BUR,358,NA,NA,0,NA,0,NA,NA,NA,NA,NA
1987,10,27,2,1144,1145,1300,1250,PS,1552,NA,76,65,NA,10,-1,SMF,BUR,358,NA,NA,0,NA,0,NA,NA,NA,NA,NA
1987,10,28,3,1147,1147,1256,1252,PS,1552,NA,69,65,NA,4,0,SMF,BUR,358,NA,NA,0,NA,0,NA,NA,NA,NA,NA
1987,10,29,4,1235,1147,1338,1252,PS,1552,NA,63,65,NA,46,48,SMF,BUR,358,NA,NA,0,NA,0,NA,NA,NA,NA,NA
1987,10,30,5,1147,1147,1255,1252,PS,1552,NA,68,65,NA,3,0,SMF,BUR,358,NA,NA,0,NA,0,NA,NA,NA,NA,NA
1987,10,2,5,750,745,925,903,PS,1554,NA,95,78,NA,22,5,SFO,SAN,447,NA,NA,0,NA,0,NA,NA,NA,NA,NA
1987,10,3,6,833,745,1004,903,PS,1554,NA,91,78,NA,61,48,SFO,SAN,447,NA,NA,0,NA,0,NA,NA,NA,NA,NA
1987,10,4,7,746,745,908,903,PS,1554,NA,82,78,NA,5,1,SFO,SAN,447,NA,NA,0,NA,0,NA,NA,NA,NA,NA
1987,10,5,1,NA,745,NA,903,PS,1554,NA,NA,78,NA,NA,NA,SFO,SAN,447,NA,NA,1,NA,0,NA,NA,NA,NA,NA
1987,10,6,2,747,745,920,903,PS,1554,NA,93,78,NA,17,2,SFO,SAN,447,NA,NA,0,NA,0,NA,NA,NA,NA,NA
1987,10,7,3,745,745,914,903,PS,1554,NA,89,78,NA,11,0,SFO,SAN,447,NA,NA,0,NA,0,NA,NA,NA,NA,NA
1987,10,8,4,748,745,912,903,PS,1554,NA,84,78,NA,9,3,SFO,SAN,447,NA,NA,0,NA,0,NA,NA,NA,NA,NA
1987,10,9,5,750,745,917,903,PS,1554,NA,87,78,NA,14,5,SFO,SAN,447,NA,NA,0,NA,0,NA,NA,NA,NA,NA
1987,10,10,6,750,745,922,903,PS,1554,NA,92,78,NA,19,5,SFO,SAN,447,NA,NA,0,NA,0,NA,NA,NA,NA,NA
1987,10,11,7,744,745,908,903,PS,1554,NA,84,78,NA,5,-1,SFO,SAN,447,NA,NA,0,NA,0,NA,NA,NA,NA,NA
1987,10,12,1,745,745,910,903,PS,1554,NA,85,78,NA,7,0,SFO,SAN,447,NA,NA,0,NA,0,NA,NA,NA,NA,NA
1987,10,14,3,746,745,907,903,PS,1554,NA,81,78,NA,4,1,SFO,SAN,447,NA,NA,0,NA,0,NA,NA,NA,NA,NA
1987,10,15,4,746,745,903,903,PS,1554,NA,77,78,NA,0,1,SFO,SAN,447,NA,NA,0,NA,0,NA,NA,NA,NA,NA
1987,10,16,5,745,745,911,903,PS,1554,NA,86,78,NA,8,0,SFO,SAN,447,NA,NA,0,NA,0,NA,NA,NA,NA,NA
1987,10,17,6,748,745,915,903,PS,1554,NA,87,78,NA,12,3,SFO,SAN,447,NA,NA,0,NA,0,NA,NA,NA,NA,NA
1987,10,18,7,745,745,904,903,PS,1554,NA,79,78,NA,1,0,SFO,SAN,447,NA,NA,0,NA,0,NA,NA,NA,NA,NA
1987,10,19,1,747,745,910,903,PS,1554,NA,83,78,NA,7,2,SFO,SAN,447,NA,NA,0,NA,0,NA,NA,NA,NA,NA
1987,10,20,2,745,745,914,903,PS,1554,NA,89,78,NA,11,0,SFO,SAN,447,NA,NA,0,NA,0,NA,NA,NA,NA,NA
1987,10,21,3,745,745,923,903,PS,1554,NA,98,78,NA,20,0,SFO,SAN,447,NA,NA,0,NA,0,NA,NA,NA,NA,NA
1987,10,22,4,747,745,912,903,PS,1554,NA,85,78,NA,9,2,SFO,SAN,447,NA,NA,0,NA,0,NA,NA,NA,NA,NA
1987,10,23,5,749,745,919,903,PS,1554,NA,90,78,NA,16,4,SFO,SAN,447,NA,NA,0,NA,0,NA,NA,NA,NA,NA
1987,10,24,6,750,745,912,903,PS,1554,NA,82,78,NA,9,5,SFO,SAN,447,NA,NA,0,NA,0,NA,NA,NA,NA,NA
1987,10,25,7,745,745,922,903,PS,1554,NA,97,78,NA,19,0,SFO,SAN,447,NA,NA,0,NA,0,NA,NA,NA,NA,NA
1987,10,26,1,744,745,942,903,PS,1554,NA,118,78,NA,39,-1,SFO,SAN,447,NA,NA,0,NA,0,NA,NA,NA,NA,NA
1987,10,27,2,745,745,917,903,PS,1554,NA,92,78,NA,14,0,SFO,SAN,447,NA,NA,0,NA,0,NA,NA,NA,NA,NA
1987,10,1,4,1347,1340,1537,1525,PS,1555,NA,110,105,NA,12,7,PHX,SFO,651,NA,NA,0,NA,0,NA,NA,NA,NA,NA
1987,10,2,5,1347,1340,1538,1525,PS,1555,NA,111,105,NA,13,7,PHX,SFO,651,NA,NA,0,NA,0,NA,NA,NA,NA,NA
1987,10,3,6,1413,1340,1607,1525,PS,1555,NA,114,105,NA,42,33,PHX,SFO,651,NA,NA,0,NA,0,NA,NA,NA,NA,NA
1987,10,4,7,1400,1340,1601,1525,PS,1555,NA,121,105,NA,36,20,PHX,SFO,651,NA,NA,0,NA,0,NA,NA,NA,NA,NA
1987,10,5,1,1347,1340,1544,1525,PS,1555,NA,117,105,NA,19,7,PHX,SFO,651,NA,NA,0,NA,0,NA,NA,NA,NA,NA
1987,10,6,2,1344,1340,1529,1525,PS,1555,NA,105,105,NA,4,4,PHX,SFO,651,NA,NA,0,NA,0,NA,NA,NA,NA,NA
1987,10,7,3,1354,1340,1552,1525,PS,1555,NA,118,105,NA,27,14,PHX,SFO,651,NA,NA,0,NA,0,NA,NA,NA,NA,NA
1987,10,8,4,1340,1340,1541,1525,PS,1555,NA,121,105,NA,16,0,PHX,SFO,651,NA,NA,0,NA,0,NA,NA,NA,NA,NA
1987,10,9,5,1439,1340,1631,1525,PS,1555,NA,112,105,NA,66,59,PHX,SFO,651,NA,NA,0,NA,0,NA,NA,NA,NA,NA
1987,10,10,6,1346,1340,1543,1525,PS,1555,NA,117,105,NA,18,6,PHX,SFO,651,NA,NA,0,NA,0,NA,NA,NA,NA,NA
1987,10,11,7,1427,1340,1616,1525,PS,1555,NA,109,105,NA,51,47,PHX,SFO,651,NA,NA,0,NA,0,NA,NA,NA,NA,NA
1987,10,12,1,1339,1340,1540,1525,PS,1555,NA,121,105,NA,15,-1,PHX,SFO,651,NA,NA,0,NA,0,NA,NA,NA,NA,NA
1987,10,13,2,1410,1340,1604,1525,PS,1555,NA,114,105,NA,39,30,PHX,SFO,651,NA,NA,0,NA,0,NA,NA,NA,NA,NA
1987,10,14,3,1409,1340,1601,1525,PS,1555,NA,112,105,NA,36,29,PHX,SFO,651,NA,NA,0,NA,0,NA,NA,NA,NA,NA
1987,10,15,4,1400,1340,1552,1525,PS,1555,NA,112,105,NA,27,20,PHX,SFO,651,NA,NA,0,NA,0,NA,NA,NA,NA,NA
1987,10,16,5,1433,1340,1623,1525,PS,1555,NA,110,105,NA,58,53,PHX,SFO,651,NA,NA,0,NA,0,NA,NA,NA,NA,NA
1987,10,17,6,1339,1340,1524,1525,PS,1555,NA,105,105,NA,-1,-1,PHX,SFO,651,NA,NA,0,NA,0,NA,NA,NA,NA,NA
1987,10,19,1,1342,1340,1524,1525,PS,1555,NA,102,105,NA,-1,2,PHX,SFO,651,NA,NA,0,NA,0,NA,NA,NA,NA,NA
1987,10,20,2,1347,1340,1529,1525,PS,1555,NA,102,105,NA,4,7,PHX,SFO,651,NA,NA,0,NA,0,NA,NA,NA,NA,NA
1987,10,21,3,1341,1340,1530,1525,PS,1555,NA,109,105,NA,5,1,PHX,SFO,651,NA,NA,0,NA,0,NA,NA,NA,NA,NA
1987,10,23,5,1352,1340,1551,1525,PS,1555,NA,119,105,NA,26,12,PHX,SFO,651,NA,NA,0,NA,0,NA,NA,NA,NA,NA
1987,10,24,6,1343,1340,1526,1525,PS,1555,NA,103,105,NA,1,3,PHX,SFO,651,NA,NA,0,NA,0,NA,NA,NA,NA,NA
1987,10,25,7,1439,1440,1527,1525,PS,1555,NA,108,105,NA,2,-1,PHX,SFO,651,NA,NA,0,NA,0,NA,NA,NA,NA,NA
1987,10,26,1,1442,1440,1535,1525,PS,1555,NA,113,105,NA,10,2,PHX,SFO,651,NA,NA,0,NA,0,NA,NA,NA,NA,NA
1987,10,27,2,1503,1440,1556,1525,PS,1555,NA,113,105,NA,31,23,PHX,SFO,651,NA,NA,0,NA,0,NA,NA,NA,NA,NA
1987,10,28,3,1450,1425,1545,1523,PS,1555,NA,115,118,NA,22,25,PHX,SFO,651,NA,NA,0,NA,0,NA,NA,NA,NA,NA
1987,10,29,4,1501,1425,1607,1523,PS,1555,NA,126,118,NA,44,36,PHX,SFO,651,NA,NA,0,NA,0,NA,NA,NA,NA,NA
1987,10,30,5,1606,1515,1704,1613,PS,1555,NA,118,118,NA,51,51,PHX,SFO,651,NA,NA,0,NA,0,NA,NA,NA,NA,NA
1987,10,31,6,1454,1425,1541,1523,PS,1555,NA,107,118,NA,18,29,PHX,SFO,651,NA,NA,0,NA,0,NA,NA,NA,NA,NA
1987,10,1,4,1145,1130,1326,1249,PS,1559,NA,101,79,NA,37,15,SAN,SFO,447,NA,NA,0,NA,0,NA,NA,NA,NA,NA
1987,10,2,5,1151,1130,1319,1249,PS,1559,NA,88,79,NA,30,21,SAN,SFO,447,NA,NA,0,NA,0,NA,NA,NA,NA,NA
1987,10,3,6,1237,1130,1359,1249,PS,1559,NA,82,79,NA,70,67,SAN,SFO,447,NA,NA,0,NA,0,NA,NA,NA,NA,NA
1987,10,4,7,1227,1130,1345,1249,PS,1559,NA,78,79,NA,56,57,SAN,SFO,447,NA,NA,0,NA,0,NA,NA,NA,NA,NA
1987,10,5,1,1147,1130,1302,1249,PS,1559,NA,75,79,NA,13,17,SAN,SFO,447,NA,NA,0,NA,0,NA,NA,NA,NA,NA
1987,10,6,2,1144,1130,1301,1249,PS,1559,NA,77,79,NA,12,14,SAN,SFO,447,NA,NA,0,NA,0,NA,NA,NA,NA,NA
1987,10,7,3,1155,1130,1320,1249,PS,1559,NA,85,79,NA,31,25,SAN,SFO,447,NA,NA,0,NA,0,NA,NA,NA,NA,NA
1987,10,8,4,1158,1130,1321,1249,PS,1559,NA,83,79,NA,32,28,SAN,SFO,447,NA,NA,0,NA,0,NA,NA,NA,NA,NA
1987,10,9,5,1219,1130,1411,1249,PS,1559,NA,112,79,NA,82,49,SAN,SFO,447,NA,NA,0,NA,0,NA,NA,NA,NA,NA
1987,10,10,6,1142,1130,1259,1249,PS,1559,NA,77,79,NA,10,12,SAN,SFO,447,NA,NA,0,NA,0,NA,NA,NA,NA,NA
1987,10,11,7,1133,1130,1300,1249,PS,1559,NA,87,79,NA,11,3,SAN,SFO,447,NA,NA,0,NA,0,NA,NA,NA,NA,NA
1987,10,12,1,1215,1130,1341,1249,PS,1559,NA,86,79,NA,52,45,SAN,SFO,447,NA,NA,0,NA,0,NA,NA,NA,NA,NA
1987,10,13,2,1219,1130,1359,1249,PS,1559,NA,100,79,NA,70,49,SAN,SFO,447,NA,NA,0,NA,0,NA,NA,NA,NA,NA
1987,10,14,3,1228,1130,1353,1249,PS,1559,NA,85,79,NA,64,58,SAN,SFO,447,NA,NA,0,NA,0,NA,NA,NA,NA,NA
1987,10,15,4,1217,1130,1342,1249,PS,1559,NA,85,79,NA,53,47,SAN,SFO,447,NA,NA,0,NA,0,NA,NA,NA,NA,NA
1987,10,16,5,1220,1130,1335,1249,PS,1559,NA,75,79,NA,46,50,SAN,SFO,447,NA,NA,0,NA,0,NA,NA,NA,NA,NA
1987,10,17,6,1150,1130,1310,1249,PS,1559,NA,80,79,NA,21,20,SAN,SFO,447,NA,NA,0,NA,0,NA,NA,NA,NA,NA
1987,10,19,1,1207,1130,1327,1249,PS,1559,NA,80,79,NA,38,37,SAN,SFO,447,NA,NA,0,NA,0,NA,NA,NA,NA,NA
1987,10,20,2,1240,1130,1417,1249,PS,1559,NA,97,79,NA,88,70,SAN,SFO,447,NA,NA,0,NA,0,NA,NA,NA,NA,NA
1987,10,21,3,1129,1130,1254,1249,PS,1559,NA,85,79,NA,5,-1,SAN,SFO,447,NA,NA,0,NA,0,NA,NA,NA,NA,NA
1987,10,22,4,1201,1130,1331,1249,PS,1559,NA,90,79,NA,42,31,SAN,SFO,447,NA,NA,0,NA,0,NA,NA,NA,NA,NA
1987,10,23,5,1156,1130,1403,1249,PS,1559,NA,127,79,NA,74,26,SAN,SFO,447,NA,NA,0,NA,0,NA,NA,NA,NA,NA
1987,10,24,6,1154,1130,1312,1249,PS,1559,NA,78,79,NA,23,24,SAN,SFO,447,NA,NA,0,NA,0,NA,NA,NA,NA,NA
1987,10,25,7,1159,1130,1320,1249,PS,1559,NA,81,79,NA,31,29,SAN,SFO,447,NA,NA,0,NA,0,NA,NA,NA,NA,NA
1987,10,26,1,1150,1130,1314,1249,PS,1559,NA,84,79,NA,25,20,SAN,SFO,447,NA,NA,0,NA,0,NA,NA,NA,NA,NA
1987,10,27,2,1159,1130,1318,1249,PS,1559,NA,79,79,NA,29,29,SAN,SFO,447,NA,NA,0,NA,0,NA,NA,NA,NA,NA
1987,10,1,4,1445,1445,1548,1540,PS,1560,NA,63,55,NA,8,0,SAN,LAS,258,NA,NA,0,NA,0,NA,NA,NA,NA,NA
1987,10,2,5,1504,1445,1559,1540,PS,1560,NA,55,55,NA,19,19,SAN,LAS,258,NA,NA,0,NA,0,NA,NA,NA,NA,NA
1987,10,3,6,1445,1445,1538,1540,PS,1560,NA,53,55,NA,-2,0,SAN,LAS,258,NA,NA,0,NA,0,NA,NA,NA,NA,NA
1987,10,4,7,1445,1445,1544,1540,PS,1560,NA,59,55,NA,4,0,SAN,LAS,258,NA,NA,0,NA,0,NA,NA,NA,NA,NA
1987,10,5,1,1444,1445,1538,1540,PS,1560,NA,54,55,NA,-2,-1,SAN,LAS,258,NA,NA,0,NA,0,NA,NA,NA,NA,NA
1987,10,6,2,1507,1445,1601,1540,PS,1560,NA,54,55,NA,21,22,SAN,LAS,258,NA,NA,0,NA,0,NA,NA,NA,NA,NA
1987,10,7,3,1444,1445,1541,1540,PS,1560,NA,57,55,NA,1,-1,SAN,LAS,258,NA,NA,0,NA,0,NA,NA,NA,NA,NA
1987,10,8,4,1445,1445,1540,1540,PS,1560,NA,55,55,NA,0,0,SAN,LAS,258,NA,NA,0,NA,0,NA,NA,NA,NA,NA
1987,10,9,5,1444,1445,1541,1540,PS,1560,NA,57,55,NA,1,-1,SAN,LAS,258,NA,NA,0,NA,0,NA,NA,NA,NA,NA
1987,10,10,6,1444,1445,1543,1540,PS,1560,NA,59,55,NA,3,-1,SAN,LAS,258,NA,NA,0,NA,0,NA,NA,NA,NA,NA
1987,10,11,7,1447,1445,1543,1540,PS,1560,NA,56,55,NA,3,2,SAN,LAS,258,NA,NA,0,NA,0,NA,NA,NA,NA,NA
1987,10,12,1,1444,1445,1540,1540,PS,1560,NA,56,55,NA,0,-1,SAN,LAS,258,NA,NA,0,NA,0,NA,NA,NA,NA,NA
1987,10,13,2,1444,1445,1539,1540,PS,1560,NA,55,55,NA,-1,-1,SAN,LAS,258,NA,NA,0,NA,0,NA,NA,NA,NA,NA
1987,10,14,3,1444,1445,1547,1540,PS,1560,NA,63,55,NA,7,-1,SAN,LAS,258,NA,NA,0,NA,0,NA,NA,NA,NA,NA
1987,10,15,4,1443,1445,1544,1540,PS,1560,NA,61,55,NA,4,-2,SAN,LAS,258,NA,NA,0,NA,0,NA,NA,NA,NA,NA
1987,10,16,5,1445,1445,1545,1540,PS,1560,NA,60,55,NA,5,0,SAN,LAS,258,NA,NA,0,NA,0,NA,NA,NA,NA,NA
1987,10,17,6,1443,1445,1539,1540,PS,1560,NA,56,55,NA,-1,-2,SAN,LAS,258,NA,NA,0,NA,0,NA,NA,NA,NA,NA
1987,10,18,7,1446,1445,1549,1540,PS,1560,NA,63,55,NA,9,1,SAN,LAS,258,NA,NA,0,NA,0,NA,NA,NA,NA,NA
1987,10,19,1,1444,1445,1541,1540,PS,1560,NA,57,55,NA,1,-1,SAN,LAS,258,NA,NA,0,NA,0,NA,NA,NA,NA,NA
1987,10,20,2,1444,1445,1537,1540,PS,1560,NA,53,55,NA,-3,-1,SAN,LAS,258,NA,NA,0,NA,0,NA,NA,NA,NA,NA
1987,10,21,3,1445,1445,1541,1540,PS,1560,NA,56,55,NA,1,0,SAN,LAS,258,NA,NA,0,NA,0,NA,NA,NA,NA,NA
1987,10,22,4,1445,1445,1548,1540,PS,1560,NA,63,55,NA,8,0,SAN,LAS,258,NA,NA,0,NA,0,NA,NA,NA,NA,NA
1987,10,23,5,1447,1445,1543,1540,PS,1560,NA,56,55,NA,3,2,SAN,LAS,258,NA,NA,0,NA,0,NA,NA,NA,NA,NA
1987,10,24,6,1444,1445,1541,1540,PS,1560,NA,57,55,NA,1,-1,SAN,LAS,258,NA,NA,0,NA,0,NA,NA,NA,NA,NA
1987,10,25,7,1445,1445,1545,1540,PS,1560,NA,60,55,NA,5,0,SAN,LAS,258,NA,NA,0,NA,0,NA,NA,NA,NA,NA
1987,10,27,2,1443,1445,1540,1540,PS,1560,NA,57,55,NA,0,-2,SAN,LAS,258,NA,NA,0,NA,0,NA,NA,NA,NA,NA
1987,10,1,4,1259,1300,1416,1416,PS,1560,NA,77,76,NA,0,-1,SMF,SAN,480,NA,NA,0,NA,0,NA,NA,NA,NA,NA
1987,10,2,5,1324,1300,1438,1416,PS,1560,NA,74,76,NA,22,24,SMF,SAN,480,NA,NA,0,NA,0,NA,NA,NA,NA,NA
1987,10,3,6,1300,1300,1414,1416,PS,1560,NA,74,76,NA,-2,0,SMF,SAN,480,NA,NA,0,NA,0,NA,NA,NA,NA,NA
1987,10,4,7,1300,1300,1415,1416,PS,1560,NA,75,76,NA,-1,0,SMF,SAN,480,NA,NA,0,NA,0,NA,NA,NA,NA,NA
1987,10,5,1,1300,1300,1418,1416,PS,1560,NA,78,76,NA,2,0,SMF,SAN,480,NA,NA,0,NA,0,NA,NA,NA,NA,NA
1987,10,6,2,1327,1300,1451,1416,PS,1560,NA,84,76,NA,35,27,SMF,SAN,480,NA,NA,0,NA,0,NA,NA,NA,NA,NA
1987,10,7,3,1300,1300,1416,1416,PS,1560,NA,76,76,NA,0,0,SMF,SAN,480,NA,NA,0,NA,0,NA,NA,NA,NA,NA
1987,10,8,4,1259,1300,1413,1416,PS,1560,NA,74,76,NA,-3,-1,SMF,SAN,480,NA,NA,0,NA,0,NA,NA,NA,NA,NA
1987,10,9,5,1300,1300,1416,1416,PS,1560,NA,76,76,NA,0,0,SMF,SAN,480,NA,NA,0,NA,0,NA,NA,NA,NA,NA
1987,10,10,6,1300,1300,1423,1416,PS,1560,NA,83,76,NA,7,0,SMF,SAN,480,NA,NA,0,NA,0,NA,NA,NA,NA,NA
1987,10,11,7,1300,1300,1427,1416,PS,1560,NA,87,76,NA,11,0,SMF,SAN,480,NA,NA,0,NA,0,NA,NA,NA,NA,NA
1987,10,12,1,1259,1300,1421,1416,PS,1560,NA,82,76,NA,5,-1,SMF,SAN,480,NA,NA,0,NA,0,NA,NA,NA,NA,NA
1987,10,13,2,1259,1300,1411,1416,PS,1560,NA,72,76,NA,-5,-1,SMF,SAN,480,NA,NA,0,NA,0,NA,NA,NA,NA,NA
1987,10,14,3,1300,1300,1412,1416,PS,1560,NA,72,76,NA,-4,0,SMF,SAN,480,NA,NA,0,NA,0,NA,NA,NA,NA,NA
1987,10,15,4,1302,1300,1419,1416,PS,1560,NA,77,76,NA,3,2,SMF,SAN,480,NA,NA,0,NA,0,NA,NA,NA,NA,NA
1987,10,16,5,1303,1300,1418,1416,PS,1560,NA,75,76,NA,2,3,SMF,SAN,480,NA,NA,0,NA,0,NA,NA,NA,NA,NA
1987,10,17,6,1300,1300,1418,1416,PS,1560,NA,78,76,NA,2,0,SMF,SAN,480,NA,NA,0,NA,0,NA,NA,NA,NA,NA
1987,10,18,7,1300,1300,1420,1416,PS,1560,NA,80,76,NA,4,0,SMF,SAN,480,NA,NA,0,NA,0,NA,NA,NA,NA,NA
1987,10,19,1,1259,1300,1417,1416,PS,1560,NA,78,76,NA,1,-1,SMF,SAN,480,NA,NA,0,NA,0,NA,NA,NA,NA,NA
1987,10,20,2,1300,1300,1417,1416,PS,1560,NA,77,76,NA,1,0,SMF,SAN,480,NA,NA,0,NA,0,NA,NA,NA,NA,NA
1987,10,21,3,1259,1300,1417,1416,PS,1560,NA,78,76,NA,1,-1,SMF,SAN,480,NA,NA,0,NA,0,NA,NA,NA,NA,NA
1987,10,22,4,1305,1300,1429,1416,PS,1560,NA,84,76,NA,13,5,SMF,SAN,480,NA,NA,0,NA,0,NA,NA,NA,NA,NA
1987,10,23,5,1302,1300,1420,1416,PS,1560,NA,78,76,NA,4,2,SMF,SAN,480,NA,NA,0,NA,0,NA,NA,NA,NA,NA
1987,10,24,6,1259,1300,1420,1416,PS,1560,NA,81,76,NA,4,-1,SMF,SAN,480,NA,NA,0,NA,0,NA,NA,NA,NA,NA
1987,10,25,7,1300,1300,1418,1416,PS,1560,NA,78,76,NA,2,0,SMF,SAN,480,NA,NA,0,NA,0,NA,NA,NA,NA,NA
1987,10,26,1,1259,1300,1418,1416,PS,1560,NA,79,76,NA,2,-1,SMF,SAN,480,NA,NA,0,NA,0,NA,NA,NA,NA,NA
1987,10,27,2,1259,1300,1421,1416,PS,1560,NA,82,76,NA,5,-1,SMF,SAN,480,NA,NA,0,NA,0,NA,NA,NA,NA,NA
1987,10,28,3,1224,1225,1350,1344,PS,1560,NA,86,79,NA,6,-1,SMF,SAN,480,NA,NA,0,NA,0,NA,NA,NA,NA,NA
1987,10,29,4,1225,1225,1345,1344,PS,1560,NA,80,79,NA,1,0,SMF,SAN,480,NA,NA,0,NA,0,NA,NA,NA,NA,NA
1987,10,30,5,1224,1225,1351,1344,PS,1560,NA,87,79,NA,7,-1,SMF,SAN,480,NA,NA,0,NA,0,NA,NA,NA,NA,NA
1987,10,1,4,1342,1343,1450,1447,PS,1561,NA,68,64,NA,3,-1,BUR,SMF,358,NA,NA,0,NA,0,NA,NA,NA,NA,NA
1987,10,2,5,1404,1343,1513,1447,PS,1561,NA,69,64,NA,26,21,BUR,SMF,358,NA,NA,0,NA,0,NA,NA,NA,NA,NA
1987,10,4,7,1344,1343,1452,1447,PS,1561,NA,68,64,NA,5,1,BUR,SMF,358,NA,NA,0,NA,0,NA,NA,NA,NA,NA
1987,10,5,1,1342,1343,1443,1447,PS,1561,NA,61,64,NA,-4,-1,BUR,SMF,358,NA,NA,0,NA,0,NA,NA,NA,NA,NA
1987,10,6,2,1350,1343,1449,1447,PS,1561,NA,59,64,NA,2,7,BUR,SMF,358,NA,NA,0,NA,0,NA,NA,NA,NA,NA
1987,10,7,3,1342,1343,1449,1447,PS,1561,NA,67,64,NA,2,-1,BUR,SMF,358,NA,NA,0,NA,0,NA,NA,NA,NA,NA
1987,10,8,4,1409,1343,1515,1447,PS,1561,NA,66,64,NA,28,26,BUR,SMF,358,NA,NA,0,NA,0,NA,NA,NA,NA,NA
1987,10,9,5,1357,1343,1500,1447,PS,1561,NA,63,64,NA,13,14,BUR,SMF,358,NA,NA,0,NA,0,NA,NA,NA,NA,NA
1987,10,11,7,1342,1343,1441,1447,PS,1561,NA,59,64,NA,-6,-1,BUR,SMF,358,NA,NA,0,NA,0,NA,NA,NA,NA,NA
1987,10,12,1,1352,1343,1506,1447,PS,1561,NA,74,64,NA,19,9,BUR,SMF,358,NA,NA,0,NA,0,NA,NA,NA,NA,NA
1987,10,13,2,1354,1343,1502,1447,PS,1561,NA,68,64,NA,15,11,BUR,SMF,358,NA,NA,0,NA,0,NA,NA,NA,NA,NA
1987,10,14,3,1409,1343,1520,1447,PS,1561,NA,71,64,NA,33,26,BUR,SMF,358,NA,NA,0,NA,0,NA,NA,NA,NA,NA
1987,10,15,4,1352,1343,1502,1447,PS,1561,NA,70,64,NA,15,9,BUR,SMF,358,NA,NA,0,NA,0,NA,NA,NA,NA,NA
1987,10,16,5,1356,1343,1509,1447,PS,1561,NA,73,64,NA,22,13,BUR,SMF,358,NA,NA,0,NA,0,NA,NA,NA,NA,NA
1987,10,18,7,1407,1343,1510,1447,PS,1561,NA,63,64,NA,23,24,BUR,SMF,358,NA,NA,0,NA,0,NA,NA,NA,NA,NA
1987,10,19,1,1342,1343,1441,1447,PS,1561,NA,59,64,NA,-6,-1,BUR,SMF,358,NA,NA,0,NA,0,NA,NA,NA,NA,NA
1987,10,20,2,1402,1343,1508,1447,PS,1561,NA,66,64,NA,21,19,BUR,SMF,358,NA,NA,0,NA,0,NA,NA,NA,NA,NA
1987,10,21,3,1344,1343,1452,1447,PS,1561,NA,68,64,NA,5,1,BUR,SMF,358,NA,NA,0,NA,0,NA,NA,NA,NA,NA
1987,10,22,4,1354,1343,1504,1447,PS,1561,NA,70,64,NA,17,11,BUR,SMF,358,NA,NA,0,NA,0,NA,NA,NA,NA,NA
1987,10,23,5,1348,1343,1456,1447,PS,1561,NA,68,64,NA,9,5,BUR,SMF,358,NA,NA,0,NA,0,NA,NA,NA,NA,NA
1987,10,25,7,1347,1343,1451,1447,PS,1561,NA,64,64,NA,4,4,BUR,SMF,358,NA,NA,0,NA,0,NA,NA,NA,NA,NA
1987,10,27,2,1346,1343,1445,1447,PS,1561,NA,59,64,NA,-2,3,BUR,SMF,358,NA,NA,0,NA,0,NA,NA,NA,NA,NA
1987,10,28,3,1427,1352,1533,1501,PS,1561,NA,66,69,NA,32,35,BUR,SMF,358,NA,NA,0,NA,0,NA,NA,NA,NA,NA
1987,10,29,4,1407,1352,1519,1501,PS,1561,NA,72,69,NA,18,15,BUR,SMF,358,NA,NA,0,NA,0,NA,NA,NA,NA,NA
1987,10,30,5,1352,1352,1455,1501,PS,1561,NA,63,69,NA,-6,0,BUR,SMF,358,NA,NA,0,NA,0,NA,NA,NA,NA,NA
1987,10,1,4,1230,1230,1312,1318,PS,1561,NA,42,48,NA,-6,0,LAS,BUR,223,NA,NA,0,NA,0,NA,NA,NA,NA,NA
1987,10,2,5,1256,1230,1341,1318,PS,1561,NA,45,48,NA,23,26,LAS,BUR,223,NA,NA,0,NA,0,NA,NA,NA,NA,NA
1987,10,4,7,1232,1230,1326,1318,PS,1561,NA,54,48,NA,8,2,LAS,BUR,223,NA,NA,0,NA,0,NA,NA,NA,NA,NA
1987,10,5,1,1229,1230,1315,1318,PS,1561,NA,46,48,NA,-3,-1,LAS,BUR,223,NA,NA,0,NA,0,NA,NA,NA,NA,NA
1987,10,6,2,1248,1230,1336,1318,PS,1561,NA,48,48,NA,18,18,LAS,BUR,223,NA,NA,0,NA,0,NA,NA,NA,NA,NA
1987,10,7,3,1228,1230,1321,1318,PS,1561,NA,53,48,NA,3,-2,LAS,BUR,223,NA,NA,0,NA,0,NA,NA,NA,NA,NA
1987,10,8,4,1302,1230,1351,1318,PS,1561,NA,49,48,NA,33,32,LAS,BUR,223,NA,NA,0,NA,0,NA,NA,NA,NA,NA
1987,10,9,5,1241,1230,1336,1318,PS,1561,NA,55,48,NA,18,11,LAS,BUR,223,NA,NA,0,NA,0,NA,NA,NA,NA,NA
1987,10,11,7,1230,1230,1320,1318,PS,1561,NA,50,48,NA,2,0,LAS,BUR,223,NA,NA,0,NA,0,NA,NA,NA,NA,NA
1987,10,12,1,1238,1230,1336,1318,PS,1561,NA,58,48,NA,18,8,LAS,BUR,223,NA,NA,0,NA,0,NA,NA,NA,NA,NA
1987,10,13,2,1244,1230,1340,1318,PS,1561,NA,56,48,NA,22,14,LAS,BUR,223,NA,NA,0,NA,0,NA,NA,NA,NA,NA
1987,10,14,3,1307,1230,1353,1318,PS,1561,NA,46,48,NA,35,37,LAS,BUR,223,NA,NA,0,NA,0,NA,NA,NA,NA,NA
1987,10,15,4,1241,1230,1336,1318,PS,1561,NA,55,48,NA,18,11,LAS,BUR,223,NA,NA,0,NA,0,NA,NA,NA,NA,NA
1987,10,16,5,1238,1230,1334,1318,PS,1561,NA,56,48,NA,16,8,LAS,BUR,223,NA,NA,0,NA,0,NA,NA,NA,NA,NA
1987,10,18,7,1241,1230,1353,1318,PS,1561,NA,72,48,NA,35,11,LAS,BUR,223,NA,NA,0,NA,0,NA,NA,NA,NA,NA
1987,10,19,1,1230,1230,1319,1318,PS,1561,NA,49,48,NA,1,0,LAS,BUR,223,NA,NA,0,NA,0,NA,NA,NA,NA,NA
1987,10,20,2,1255,1230,1344,1318,PS,1561,NA,49,48,NA,26,25,LAS,BUR,223,NA,NA,0,NA,0,NA,NA,NA,NA,NA
1987,10,21,3,1240,1230,1326,1318,PS,1561,NA,46,48,NA,8,10,LAS,BUR,223,NA,NA,0,NA,0,NA,NA,NA,NA,NA
1987,10,22,4,1229,1230,1327,1318,PS,1561,NA,58,48,NA,9,-1,LAS,BUR,223,NA,NA,0,NA,0,NA,NA,NA,NA,NA
1987,10,23,5,1231,1230,1326,1318,PS,1561,NA,55,48,NA,8,1,LAS,BUR,223,NA,NA,0,NA,0,NA,NA,NA,NA,NA
1987,10,25,7,1238,1230,1328,1318,PS,1561,NA,50,48,NA,10,8,LAS,BUR,223,NA,NA,0,NA,0,NA,NA,NA,NA,NA
1987,10,27,2,1240,1230,1328,1318,PS,1561,NA,48,48,NA,10,10,LAS,BUR,223,NA,NA,0,NA,0,NA,NA,NA,NA,NA
1987,10,28,3,1305,1237,1400,1327,PS,1561,NA,55,50,NA,33,28,LAS,BUR,223,NA,NA,0,NA,0,NA,NA,NA,NA,NA
1987,10,29,4,1257,1237,1350,1327,PS,1561,NA,53,50,NA,23,20,LAS,BUR,223,NA,NA,0,NA,0,NA,NA,NA,NA,NA
1987,10,30,5,1240,1237,1335,1327,PS,1561,NA,55,50,NA,8,3,LAS,BUR,223,NA,NA,0,NA,0,NA,NA,NA,NA,NA
1987,10,1,4,705,705,NA,835,PS,1562,NA,NA,90,NA,NA,0,OAK,BUR,325,NA,NA,0,NA,1,NA,NA,NA,NA,NA
1987,10,5,1,705,705,807,808,PS,1562,NA,62,63,NA,-1,0,OAK,BUR,325,NA,NA,0,NA,0,NA,NA,NA,NA,NA
1987,10,6,2,702,705,804,808,PS,1562,NA,62,63,NA,-4,-3,OAK,BUR,325,NA,NA,0,NA,0,NA,NA,NA,NA,NA
1987,10,7,3,706,705,846,808,PS,1562,NA,100,63,NA,38,1,OAK,BUR,325,NA,NA,0,NA,0,NA,NA,NA,NA,NA
1987,10,8,4,705,705,802,808,PS,1562,NA,57,63,NA,-6,0,OAK,BUR,325,NA,NA,0,NA,0,NA,NA,NA,NA,NA
1987,10,9,5,705,705,813,808,PS,1562,NA,68,63,NA,5,0,OAK,BUR,325,NA,NA,0,NA,0,NA,NA,NA,NA,NA
1987,10,13,2,704,705,759,808,PS,1562,NA,55,63,NA,-9,-1,OAK,BUR,325,NA,NA,0,NA,0,NA,NA,NA,NA,NA
1987,10,14,3,704,705,820,808,PS,1562,NA,76,63,NA,12,-1,OAK,BUR,325,NA,NA,0,NA,0,NA,NA,NA,NA,NA
1987,10,15,4,704,705,809,808,PS,1562,NA,65,63,NA,1,-1,OAK,BUR,325,NA,NA,0,NA,0,NA,NA,NA,NA,NA
1987,10,16,5,705,705,819,808,PS,1562,NA,74,63,NA,11,0,OAK,BUR,325,NA,NA,0,NA,0,NA,NA,NA,NA,NA
1987,10,19,1,704,705,805,808,PS,1562,NA,61,63,NA,-3,-1,OAK,BUR,325,NA,NA,0,NA,0,NA,NA,NA,NA,NA
1987,10,20,2,704,705,802,808,PS,1562,NA,58,63,NA,-6,-1,OAK,BUR,325,NA,NA,0,NA,0,NA,NA,NA,NA,NA
1987,10,21,3,706,705,813,808,PS,1562,NA,67,63,NA,5,1,OAK,BUR,325,NA,NA,0,NA,0,NA,NA,NA,NA,NA
1987,10,22,4,704,705,813,808,PS,1562,NA,69,63,NA,5,-1,OAK,BUR,325,NA,NA,0,NA,0,NA,NA,NA,NA,NA
1987,10,23,5,705,705,806,808,PS,1562,NA,61,63,NA,-2,0,OAK,BUR,325,NA,NA,0,NA,0,NA,NA,NA,NA,NA
1987,10,26,1,705,705,804,808,PS,1562,NA,59,63,NA,-4,0,OAK,BUR,325,NA,NA,0,NA,0,NA,NA,NA,NA,NA
1987,10,27,2,704,705,806,808,PS,1562,NA,62,63,NA,-2,-1,OAK,BUR,325,NA,NA,0,NA,0,NA,NA,NA,NA,NA
1987,10,28,3,704,705,802,809,PS,1562,NA,58,64,NA,-7,-1,OAK,BUR,325,NA,NA,0,NA,0,NA,NA,NA,NA,NA
1987,10,29,4,705,705,813,809,PS,1562,NA,68,64,NA,4,0,OAK,BUR,325,NA,NA,0,NA,0,NA,NA,NA,NA,NA
1987,10,30,5,704,705,809,809,PS,1562,NA,65,64,NA,0,-1,OAK,BUR,325,NA,NA,0,NA,0,NA,NA,NA,NA,NA
1987,10,1,4,2012,1946,2102,2034,PS,1564,NA,50,48,NA,28,26,BUR,LAS,223,NA,NA,0,NA,0,NA,NA,NA,NA,NA
1987,10,2,5,1949,1946,2046,2034,PS,1564,NA,57,48,NA,12,3,BUR,LAS,223,NA,NA,0,NA,0,NA,NA,NA,NA,NA
1987,10,3,6,1945,1946,2035,2034,PS,1564,NA,50,48,NA,1,-1,BUR,LAS,223,NA,NA,0,NA,0,NA,NA,NA,NA,NA
1987,10,4,7,1946,1946,2040,2034,PS,1564,NA,54,48,NA,6,0,BUR,LAS,223,NA,NA,0,NA,0,NA,NA,NA,NA,NA
1987,10,5,1,1946,1946,2040,2034,PS,1564,NA,54,48,NA,6,0,BUR,LAS,223,NA,NA,0,NA,0,NA,NA,NA,NA,NA
1987,10,6,2,1946,1946,2038,2034,PS,1564,NA,52,48,NA,4,0,BUR,LAS,223,NA,NA,0,NA,0,NA,NA,NA,NA,NA
1987,10,7,3,1945,1946,2040,2034,PS,1564,NA,55,48,NA,6,-1,BUR,LAS,223,NA,NA,0,NA,0,NA,NA,NA,NA,NA
1987,10,8,4,1945,1946,2040,2034,PS,1564,NA,55,48,NA,6,-1,BUR,LAS,223,NA,NA,0,NA,0,NA,NA,NA,NA,NA
1987,10,9,5,2107,1946,2158,2034,PS,1564,NA,51,48,NA,84,81,BUR,LAS,223,NA,NA,0,NA,0,NA,NA,NA,NA,NA
1987,10,10,6,1946,1946,2037,2034,PS,1564,NA,51,48,NA,3,0,BUR,LAS,223,NA,NA,0,NA,0,NA,NA,NA,NA,NA
1987,10,11,7,1948,1946,2045,2034,PS,1564,NA,57,48,NA,11,2,BUR,LAS,223,NA,NA,0,NA,0,NA,NA,NA,NA,NA
1987,10,12,1,1946,1946,2036,2034,PS,1564,NA,50,48,NA,2,0,BUR,LAS,223,NA,NA,0,NA,0,NA,NA,NA,NA,NA
1987,10,13,2,2042,1946,2135,2034,PS,1564,NA,53,48,NA,61,56,BUR,LAS,223,NA,NA,0,NA,0,NA,NA,NA,NA,NA
1987,10,14,3,1946,1946,2038,2034,PS,1564,NA,52,48,NA,4,0,BUR,LAS,223,NA,NA,0,NA,0,NA,NA,NA,NA,NA
1987,10,15,4,2008,1946,2101,2034,PS,1564,NA,53,48,NA,27,22,BUR,LAS,223,NA,NA,0,NA,0,NA,NA,NA,NA,NA
1987,10,16,5,2055,1946,2146,2034,PS,1564,NA,51,48,NA,72,69,BUR,LAS,223,NA,NA,0,NA,0,NA,NA,NA,NA,NA
1987,10,17,6,1946,1946,2034,2034,PS,1564,NA,48,48,NA,0,0,BUR,LAS,223,NA,NA,0,NA,0,NA,NA,NA,NA,NA
1987,10,18,7,1959,1946,2050,2034,PS,1564,NA,51,48,NA,16,13,BUR,LAS,223,NA,NA,0,NA,0,NA,NA,NA,NA,NA
1987,10,19,1,1945,1946,2042,2034,PS,1564,NA,57,48,NA,8,-1,BUR,LAS,223,NA,NA,0,NA,0,NA,NA,NA,NA,NA
1987,10,20,2,1945,1946,2040,2034,PS,1564,NA,55,48,NA,6,-1,BUR,LAS,223,NA,NA,0,NA,0,NA,NA,NA,NA,NA
1987,10,21,3,1945,1946,2036,2034,PS,1564,NA,51,48,NA,2,-1,BUR,LAS,223,NA,NA,0,NA,0,NA,NA,NA,NA,NA
1987,10,22,4,2103,1946,2153,2034,PS,1564,NA,50,48,NA,79,77,BUR,LAS,223,NA,NA,0,NA,0,NA,NA,NA,NA,NA
1987,10,23,5,2012,1946,2104,2034,PS,1564,NA,52,48,NA,30,26,BUR,LAS,223,NA,NA,0,NA,0,NA,NA,NA,NA,NA
1987,10,24,6,1945,1946,2038,2034,PS,1564,NA,53,48,NA,4,-1,BUR,LAS,223,NA,NA,0,NA,0,NA,NA,NA,NA,NA
1987,10,25,7,2021,1946,2103,2034,PS,1564,NA,42,48,NA,29,35,BUR,LAS,223,NA,NA,0,NA,0,NA,NA,NA,NA,NA
1987,10,26,1,1945,1946,2038,2034,PS,1564,NA,53,48,NA,4,-1,BUR,LAS,223,NA,NA,0,NA,0,NA,NA,NA,NA,NA
1987,10,27,2,1946,1946,2038,2034,PS,1564,NA,52,48,NA,4,0,BUR,LAS,223,NA,NA,0,NA,0,NA,NA,NA,NA,NA
1987,10,1,4,1848,1820,1956,1921,PS,1564,NA,68,61,NA,35,28,SMF,BUR,358,NA,NA,0,NA,0,NA,NA,NA,NA,NA
1987,10,2,5,1820,1820,1926,1921,PS,1564,NA,66,61,NA,5,0,SMF,BUR,358,NA,NA,0,NA,0,NA,NA,NA,NA,NA
1987,10,4,7,1820,1820,1926,1921,PS,1564,NA,66,61,NA,5,0,SMF,BUR,358,NA,NA,0,NA,0,NA,NA,NA,NA,NA
1987,10,5,1,1820,1820,1928,1921,PS,1564,NA,68,61,NA,7,0,SMF,BUR,358,NA,NA,0,NA,0,NA,NA,NA,NA,NA
1987,10,6,2,1819,1820,1927,1921,PS,1564,NA,68,61,NA,6,-1,SMF,BUR,358,NA,NA,0,NA,0,NA,NA,NA,NA,NA
1987,10,7,3,1819,1820,1919,1921,PS,1564,NA,60,61,NA,-2,-1,SMF,BUR,358,NA,NA,0,NA,0,NA,NA,NA,NA,NA
1987,10,8,4,1822,1820,1925,1921,PS,1564,NA,63,61,NA,4,2,SMF,BUR,358,NA,NA,0,NA,0,NA,NA,NA,NA,NA
1987,10,9,5,1947,1820,2049,1921,PS,1564,NA,62,61,NA,88,87,SMF,BUR,358,NA,NA,0,NA,0,NA,NA,NA,NA,NA
1987,10,11,7,1820,1820,1929,1921,PS,1564,NA,69,61,NA,8,0,SMF,BUR,358,NA,NA,0,NA,0,NA,NA,NA,NA,NA
1987,10,12,1,1821,1820,1924,1921,PS,1564,NA,63,61,NA,3,1,SMF,BUR,358,NA,NA,0,NA,0,NA,NA,NA,NA,NA
1987,10,13,2,1829,1820,1929,1921,PS,1564,NA,60,61,NA,8,9,SMF,BUR,358,NA,NA,0,NA,0,NA,NA,NA,NA,NA
1987,10,14,3,1829,1820,1930,1921,PS,1564,NA,61,61,NA,9,9,SMF,BUR,358,NA,NA,0,NA,0,NA,NA,NA,NA,NA
1987,10,15,4,1844,1820,1951,1921,PS,1564,NA,67,61,NA,30,24,SMF,BUR,358,NA,NA,0,NA,0,NA,NA,NA,NA,NA
1987,10,16,5,1931,1820,2034,1921,PS,1564,NA,63,61,NA,73,71,SMF,BUR,358,NA,NA,0,NA,0,NA,NA,NA,NA,NA
1987,10,18,7,1840,1820,1942,1921,PS,1564,NA,62,61,NA,21,20,SMF,BUR,358,NA,NA,0,NA,0,NA,NA,NA,NA,NA
1987,10,19,1,1820,1820,1928,1921,PS,1564,NA,68,61,NA,7,0,SMF,BUR,358,NA,NA,0,NA,0,NA,NA,NA,NA,NA
1987,10,20,2,1819,1820,1928,1921,PS,1564,NA,69,61,NA,7,-1,SMF,BUR,358,NA,NA,0,NA,0,NA,NA,NA,NA,NA
1987,10,21,3,1820,1820,1929,1921,PS,1564,NA,69,61,NA,8,0,SMF,BUR,358,NA,NA,0,NA,0,NA,NA,NA,NA,NA
1987,10,22,4,1926,1820,2033,1921,PS,1564,NA,67,61,NA,72,66,SMF,BUR,358,NA,NA,0,NA,0,NA,NA,NA,NA,NA
1987,10,23,5,1845,1820,1953,1921,PS,1564,NA,68,61,NA,32,25,SMF,BUR,358,NA,NA,0,NA,0,NA,NA,NA,NA,NA
1987,10,25,7,1855,1820,2003,1921,PS,1564,NA,68,61,NA,42,35,SMF,BUR,358,NA,NA,0,NA,0,NA,NA,NA,NA,NA
1987,10,26,1,1822,1820,1931,1921,PS,1564,NA,69,61,NA,10,2,SMF,BUR,358,NA,NA,0,NA,0,NA,NA,NA,NA,NA
1987,10,27,2,1820,1820,1930,1921,PS,1564,NA,70,61,NA,9,0,SMF,BUR,358,NA,NA,0,NA,0,NA,NA,NA,NA,NA
1987,10,1,4,830,830,1006,953,PS,1565,NA,96,83,NA,13,0,SAN,SFO,447,NA,NA,0,NA,0,NA,NA,NA,NA,NA
1987,10,5,1,NA,830,NA,953,PS,1565,NA,NA,83,NA,NA,NA,SAN,SFO,447,NA,NA,1,NA,0,NA,NA,NA,NA,NA
1987,10,6,2,935,830,1107,953,PS,1565,NA,92,83,NA,74,65,SAN,SFO,447,NA,NA,0,NA,0,NA,NA,NA,NA,NA
1987,10,7,3,836,830,1003,953,PS,1565,NA,87,83,NA,10,6,SAN,SFO,447,NA,NA,0,NA,0,NA,NA,NA,NA,NA
1987,10,8,4,830,830,1006,953,PS,1565,NA,96,83,NA,13,0,SAN,SFO,447,NA,NA,0,NA,0,NA,NA,NA,NA,NA
1987,10,9,5,829,830,1002,953,PS,1565,NA,93,83,NA,9,-1,SAN,SFO,447,NA,NA,0,NA,0,NA,NA,NA,NA,NA
1987,10,12,1,837,830,1019,953,PS,1565,NA,102,83,NA,26,7,SAN,SFO,447,NA,NA,0,NA,0,NA,NA,NA,NA,NA
1987,10,13,2,829,830,1010,953,PS,1565,NA,101,83,NA,17,-1,SAN,SFO,447,NA,NA,0,NA,0,NA,NA,NA,NA,NA
1987,10,14,3,829,830,1004,953,PS,1565,NA,95,83,NA,11,-1,SAN,SFO,447,NA,NA,0,NA,0,NA,NA,NA,NA,NA
1987,10,15,4,829,830,1001,953,PS,1565,NA,92,83,NA,8,-1,SAN,SFO,447,NA,NA,0,NA,0,NA,NA,NA,NA,NA
1987,10,16,5,829,830,958,953,PS,1565,NA,89,83,NA,5,-1,SAN,SFO,447,NA,NA,0,NA,0,NA,NA,NA,NA,NA
1987,10,19,1,831,830,1005,953,PS,1565,NA,94,83,NA,12,1,SAN,SFO,447,NA,NA,0,NA,0,NA,NA,NA,NA,NA
1987,10,20,2,838,830,1009,953,PS,1565,NA,91,83,NA,16,8,SAN,SFO,447,NA,NA,0,NA,0,NA,NA,NA,NA,NA
1987,10,21,3,830,830,949,953,PS,1565,NA,79,83,NA,-4,0,SAN,SFO,447,NA,NA,0,NA,0,NA,NA,NA,NA,NA
1987,10,26,1,838,830,1001,953,PS,1565,NA,83,83,NA,8,8,SAN,SFO,447,NA,NA,0,NA,0,NA,NA,NA,NA,NA
1987,10,27,2,831,830,952,953,PS,1565,NA,81,83,NA,-1,1,SAN,SFO,447,NA,NA,0,NA,0,NA,NA,NA,NA,NA
1987,10,28,3,824,825,952,953,PS,1565,NA,88,88,NA,-1,-1,SAN,SFO,447,NA,NA,0,NA,0,NA,NA,NA,NA,NA
1987,10,29,4,826,825,1000,953,PS,1565,NA,94,88,NA,7,1,SAN,SFO,447,NA,NA,0,NA,0,NA,NA,NA,NA,NA
1987,10,30,5,828,825,959,953,PS,1565,NA,91,88,NA,6,3,SAN,SFO,447,NA,NA,0,NA,0,NA,NA,NA,NA,NA
1987,10,1,4,1814,1810,1910,1858,PS,1566,NA,56,48,NA,12,4,BUR,LAS,223,NA,NA,0,NA,0,NA,NA,NA,NA,NA
1987,10,2,5,1813,1810,1919,1858,PS,1566,NA,66,48,NA,21,3,BUR,LAS,223,NA,NA,0,NA,0,NA,NA,NA,NA,NA
1987,10,4,7,1811,1810,1903,1858,PS,1566,NA,52,48,NA,5,1,BUR,LAS,223,NA,NA,0,NA,0,NA,NA,NA,NA,NA
1987,10,5,1,1810,1810,1901,1858,PS,1566,NA,51,48,NA,3,0,BUR,LAS,223,NA,NA,0,NA,0,NA,NA,NA,NA,NA
1987,10,6,2,1808,1810,1900,1858,PS,1566,NA,52,48,NA,2,-2,BUR,LAS,223,NA,NA,0,NA,0,NA,NA,NA,NA,NA
1987,10,7,3,1811,1810,1909,1858,PS,1566,NA,58,48,NA,11,1,BUR,LAS,223,NA,NA,0,NA,0,NA,NA,NA,NA,NA
1987,10,8,4,1809,1810,1903,1858,PS,1566,NA,54,48,NA,5,-1,BUR,LAS,223,NA,NA,0,NA,0,NA,NA,NA,NA,NA
1987,10,9,5,1815,1810,1909,1858,PS,1566,NA,54,48,NA,11,5,BUR,LAS,223,NA,NA,0,NA,0,NA,NA,NA,NA,NA
1987,10,11,7,1809,1810,1858,1858,PS,1566,NA,49,48,NA,0,-1,BUR,LAS,223,NA,NA,0,NA,0,NA,NA,NA,NA,NA
1987,10,12,1,1809,1810,1857,1858,PS,1566,NA,48,48,NA,-1,-1,BUR,LAS,223,NA,NA,0,NA,0,NA,NA,NA,NA,NA
1987,10,13,2,NA,1810,NA,1858,PS,1566,NA,NA,48,NA,NA,NA,BUR,LAS,223,NA,NA,1,NA,0,NA,NA,NA,NA,NA
1987,10,14,3,1808,1810,1922,1858,PS,1566,NA,74,48,NA,24,-2,BUR,LAS,223,NA,NA,0,NA,0,NA,NA,NA,NA,NA
1987,10,15,4,1809,1810,1911,1858,PS,1566,NA,62,48,NA,13,-1,BUR,LAS,223,NA,NA,0,NA,0,NA,NA,NA,NA,NA
1987,10,16,5,1819,1810,1916,1858,PS,1566,NA,57,48,NA,18,9,BUR,LAS,223,NA,NA,0,NA,0,NA,NA,NA,NA,NA
1987,10,18,7,1808,1810,1911,1858,PS,1566,NA,63,48,NA,13,-2,BUR,LAS,223,NA,NA,0,NA,0,NA,NA,NA,NA,NA
1987,10,19,1,1808,1810,1905,1858,PS,1566,NA,57,48,NA,7,-2,BUR,LAS,223,NA,NA,0,NA,0,NA,NA,NA,NA,NA
1987,10,20,2,1808,1810,1908,1858,PS,1566,NA,60,48,NA,10,-2,BUR,LAS,223,NA,NA,0,NA,0,NA,NA,NA,NA,NA
1987,10,21,3,1809,1810,1911,1858,PS,1566,NA,62,48,NA,13,-1,BUR,LAS,223,NA,NA,0,NA,0,NA,NA,NA,NA,NA
1987,10,22,4,1822,1810,1932,1858,PS,1566,NA,70,48,NA,34,12,BUR,LAS,223,NA,NA,0,NA,0,NA,NA,NA,NA,NA
1987,10,23,5,1811,1810,1908,1858,PS,1566,NA,57,48,NA,10,1,BUR,LAS,223,NA,NA,0,NA,0,NA,NA,NA,NA,NA
1987,10,25,7,1809,1810,1858,1858,PS,1566,NA,49,48,NA,0,-1,BUR,LAS,223,NA,NA,0,NA,0,NA,NA,NA,NA,NA
1987,10,26,1,1810,1810,1904,1858,PS,1566,NA,54,48,NA,6,0,BUR,LAS,223,NA,NA,0,NA,0,NA,NA,NA,NA,NA
1987,10,27,2,1811,1810,1905,1858,PS,1566,NA,54,48,NA,7,1,BUR,LAS,223,NA,NA,0,NA,0,NA,NA,NA,NA,NA
1987,10,28,3,1808,1810,1917,1859,PS,1566,NA,69,49,NA,18,-2,BUR,LAS,223,NA,NA,0,NA,0,NA,NA,NA,NA,NA
1987,10,29,4,1810,1810,1900,1859,PS,1566,NA,50,49,NA,1,0,BUR,LAS,223,NA,NA,0,NA,0,NA,NA,NA,NA,NA
1987,10,30,5,1813,1810,1858,1859,PS,1566,NA,45,49,NA,-1,3,BUR,LAS,223,NA,NA,0,NA,0,NA,NA,NA,NA,NA
1987,10,1,4,1635,1635,1744,1736,PS,1566,NA,69,61,NA,8,0,SMF,BUR,358,NA,NA,0,NA,0,NA,NA,NA,NA,NA
1987,10,2,5,1640,1635,1750,1736,PS,1566,NA,70,61,NA,14,5,SMF,BUR,358,NA,NA,0,NA,0,NA,NA,NA,NA,NA
1987,10,3,6,1634,1635,1736,1736,PS,1566,NA,62,61,NA,0,-1,SMF,BUR,358,NA,NA,0,NA,0,NA,NA,NA,NA,NA
1987,10,4,7,1635,1635,1744,1736,PS,1566,NA,69,61,NA,8,0,SMF,BUR,358,NA,NA,0,NA,0,NA,NA,NA,NA,NA
1987,10,5,1,1634,1635,1740,1736,PS,1566,NA,66,61,NA,4,-1,SMF,BUR,358,NA,NA,0,NA,0,NA,NA,NA,NA,NA
1987,10,6,2,1634,1635,1738,1736,PS,1566,NA,64,61,NA,2,-1,SMF,BUR,358,NA,NA,0,NA,0,NA,NA,NA,NA,NA
1987,10,7,3,1634,1635,1735,1736,PS,1566,NA,61,61,NA,-1,-1,SMF,BUR,358,NA,NA,0,NA,0,NA,NA,NA,NA,NA
1987,10,8,4,1635,1635,1739,1736,PS,1566,NA,64,61,NA,3,0,SMF,BUR,358,NA,NA,0,NA,0,NA,NA,NA,NA,NA
1987,10,9,5,1639,1635,1745,1736,PS,1566,NA,66,61,NA,9,4,SMF,BUR,358,NA,NA,0,NA,0,NA,NA,NA,NA,NA
1987,10,10,6,1635,1635,1743,1736,PS,1566,NA,68,61,NA,7,0,SMF,BUR,358,NA,NA,0,NA,0,NA,NA,NA,NA,NA
1987,10,11,7,1634,1635,1744,1736,PS,1566,NA,70,61,NA,8,-1,SMF,BUR,358,NA,NA,0,NA,0,NA,NA,NA,NA,NA
1987,10,12,1,1635,1635,1743,1736,PS,1566,NA,68,61,NA,7,0,SMF,BUR,358,NA,NA,0,NA,0,NA,NA,NA,NA,NA
1987,10,13,2,1635,1635,1736,1736,PS,1566,NA,61,61,NA,0,0,SMF,BUR,358,NA,NA,0,NA,0,NA,NA,NA,NA,NA
1987,10,14,3,1634,1635,1735,1736,PS,1566,NA,61,61,NA,-1,-1,SMF,BUR,358,NA,NA,0,NA,0,NA,NA,NA,NA,NA
1987,10,15,4,1640,1635,1746,1736,PS,1566,NA,66,61,NA,10,5,SMF,BUR,358,NA,NA,0,NA,0,NA,NA,NA,NA,NA
1987,10,16,5,1653,1635,1757,1736,PS,1566,NA,64,61,NA,21,18,SMF,BUR,358,NA,NA,0,NA,0,NA,NA,NA,NA,NA
1987,10,17,6,1634,1635,1736,1736,PS,1566,NA,62,61,NA,0,-1,SMF,BUR,358,NA,NA,0,NA,0,NA,NA,NA,NA,NA
1987,10,18,7,1635,1635,1740,1736,PS,1566,NA,65,61,NA,4,0,SMF,BUR,358,NA,NA,0,NA,0,NA,NA,NA,NA,NA
1987,10,19,1,1634,1635,1740,1736,PS,1566,NA,66,61,NA,4,-1,SMF,BUR,358,NA,NA,0,NA,0,NA,NA,NA,NA,NA
1987,10,20,2,1634,1635,1738,1736,PS,1566,NA,64,61,NA,2,-1,SMF,BUR,358,NA,NA,0,NA,0,NA,NA,NA,NA,NA
1987,10,21,3,1639,1635,1745,1736,PS,1566,NA,66,61,NA,9,4,SMF,BUR,358,NA,NA,0,NA,0,NA,NA,NA,NA,NA
1987,10,22,4,1654,1635,1759,1736,PS,1566,NA,65,61,NA,23,19,SMF,BUR,358,NA,NA,0,NA,0,NA,NA,NA,NA,NA
1987,10,23,5,1636,1635,1741,1736,PS,1566,NA,65,61,NA,5,1,SMF,BUR,358,NA,NA,0,NA,0,NA,NA,NA,NA,NA
1987,10,24,6,1634,1635,1737,1736,PS,1566,NA,63,61,NA,1,-1,SMF,BUR,358,NA,NA,0,NA,0,NA,NA,NA,NA,NA
1987,10,25,7,1635,1635,1741,1736,PS,1566,NA,66,61,NA,5,0,SMF,BUR,358,NA,NA,0,NA,0,NA,NA,NA,NA,NA
1987,10,26,1,1635,1635,1741,1736,PS,1566,NA,66,61,NA,5,0,SMF,BUR,358,NA,NA,0,NA,0,NA,NA,NA,NA,NA
1987,10,27,2,1634,1635,1741,1736,PS,1566,NA,67,61,NA,5,-1,SMF,BUR,358,NA,NA,0,NA,0,NA,NA,NA,NA,NA
1987,10,28,3,1640,1640,1748,1742,PS,1566,NA,68,62,NA,6,0,SMF,BUR,358,NA,NA,0,NA,0,NA,NA,NA,NA,NA
1987,10,29,4,1641,1640,1741,1742,PS,1566,NA,60,62,NA,-1,1,SMF,BUR,358,NA,NA,0,NA,0,NA,NA,NA,NA,NA
1987,10,30,5,1640,1640,1747,1742,PS,1566,NA,67,62,NA,5,0,SMF,BUR,358,NA,NA,0,NA,0,NA,NA,NA,NA,NA
1987,10,31,6,1642,1640,1749,1742,PS,1566,NA,67,62,NA,7,2,SMF,BUR,358,NA,NA,0,NA,0,NA,NA,NA,NA,NA
1987,10,1,4,1500,1500,1606,1555,PS,1568,NA,66,55,NA,11,0,SJC,BUR,296,NA,NA,0,NA,0,NA,NA,NA,NA,NA
1987,10,2,5,1500,1500,1601,1555,PS,1568,NA,61,55,NA,6,0,SJC,BUR,296,NA,NA,0,NA,0,NA,NA,NA,NA,NA
1987,10,4,7,1500,1500,1559,1555,PS,1568,NA,59,55,NA,4,0,SJC,BUR,296,NA,NA,0,NA,0,NA,NA,NA,NA,NA
1987,10,5,1,1500,1500,1601,1555,PS,1568,NA,61,55,NA,6,0,SJC,BUR,296,NA,NA,0,NA,0,NA,NA,NA,NA,NA
1987,10,6,2,1515,1500,1618,1555,PS,1568,NA,63,55,NA,23,15,SJC,BUR,296,NA,NA,0,NA,0,NA,NA,NA,NA,NA
1987,10,7,3,1502,1500,1600,1555,PS,1568,NA,58,55,NA,5,2,SJC,BUR,296,NA,NA,0,NA,0,NA,NA,NA,NA,NA
1987,10,8,4,1504,1500,1606,1555,PS,1568,NA,62,55,NA,11,4,SJC,BUR,296,NA,NA,0,NA,0,NA,NA,NA,NA,NA
1987,10,9,5,1533,1500,1635,1555,PS,1568,NA,62,55,NA,40,33,SJC,BUR,296,NA,NA,0,NA,0,NA,NA,NA,NA,NA
1987,10,12,1,1523,1500,1618,1555,PS,1568,NA,55,55,NA,23,23,SJC,BUR,296,NA,NA,0,NA,0,NA,NA,NA,NA,NA
1987,10,13,2,1505,1500,1559,1555,PS,1568,NA,54,55,NA,4,5,SJC,BUR,296,NA,NA,0,NA,0,NA,NA,NA,NA,NA
1987,10,14,3,1526,1500,1626,1555,PS,1568,NA,60,55,NA,31,26,SJC,BUR,296,NA,NA,0,NA,0,NA,NA,NA,NA,NA
1987,10,15,4,1508,1500,1611,1555,PS,1568,NA,63,55,NA,16,8,SJC,BUR,296,NA,NA,0,NA,0,NA,NA,NA,NA,NA
1987,10,16,5,1554,1500,1654,1555,PS,1568,NA,60,55,NA,59,54,SJC,BUR,296,NA,NA,0,NA,0,NA,NA,NA,NA,NA
1987,10,18,7,1512,1500,1612,1555,PS,1568,NA,60,55,NA,17,12,SJC,BUR,296,NA,NA,0,NA,0,NA,NA,NA,NA,NA
1987,10,19,1,1500,1500,1555,1555,PS,1568,NA,55,55,NA,0,0,SJC,BUR,296,NA,NA,0,NA,0,NA,NA,NA,NA,NA
1987,10,20,2,1505,1500,1619,1555,PS,1568,NA,74,55,NA,24,5,SJC,BUR,296,NA,NA,0,NA,0,NA,NA,NA,NA,NA
1987,10,21,3,1500,1500,1559,1555,PS,1568,NA,59,55,NA,4,0,SJC,BUR,296,NA,NA,0,NA,0,NA,NA,NA,NA,NA
1987,10,22,4,1510,1500,1616,1555,PS,1568,NA,66,55,NA,21,10,SJC,BUR,296,NA,NA,0,NA,0,NA,NA,NA,NA,NA
1987,10,23,5,1502,1500,1607,1555,PS,1568,NA,65,55,NA,12,2,SJC,BUR,296,NA,NA,0,NA,0,NA,NA,NA,NA,NA
1987,10,26,1,1500,1500,1603,1555,PS,1568,NA,63,55,NA,8,0,SJC,BUR,296,NA,NA,0,NA,0,NA,NA,NA,NA,NA
1987,10,27,2,1500,1500,1610,1555,PS,1568,NA,70,55,NA,15,0,SJC,BUR,296,NA,NA,0,NA,0,NA,NA,NA,NA,NA
1987,10,1,4,1723,1723,1830,1826,PS,1569,NA,67,63,NA,4,0,BUR,SMF,358,NA,NA,0,NA,0,NA,NA,NA,NA,NA
1987,10,2,5,1737,1723,1837,1826,PS,1569,NA,60,63,NA,11,14,BUR,SMF,358,NA,NA,0,NA,0,NA,NA,NA,NA,NA
1987,10,3,6,1722,1723,1827,1826,PS,1569,NA,65,63,NA,1,-1,BUR,SMF,358,NA,NA,0,NA,0,NA,NA,NA,NA,NA
1987,10,4,7,1724,1723,1833,1826,PS,1569,NA,69,63,NA,7,1,BUR,SMF,358,NA,NA,0,NA,0,NA,NA,NA,NA,NA
1987,10,5,1,1723,1723,1833,1826,PS,1569,NA,70,63,NA,7,0,BUR,SMF,358,NA,NA,0,NA,0,NA,NA,NA,NA,NA
1987,10,6,2,1723,1723,1828,1826,PS,1569,NA,65,63,NA,2,0,BUR,SMF,358,NA,NA,0,NA,0,NA,NA,NA,NA,NA
1987,10,7,3,1722,1723,1825,1826,PS,1569,NA,63,63,NA,-1,-1,BUR,SMF,358,NA,NA,0,NA,0,NA,NA,NA,NA,NA
1987,10,8,4,1730,1723,1840,1826,PS,1569,NA,70,63,NA,14,7,BUR,SMF,358,NA,NA,0,NA,0,NA,NA,NA,NA,NA
1987,10,9,5,1724,1723,1831,1826,PS,1569,NA,67,63,NA,5,1,BUR,SMF,358,NA,NA,0,NA,0,NA,NA,NA,NA,NA
1987,10,10,6,1722,1723,1825,1826,PS,1569,NA,63,63,NA,-1,-1,BUR,SMF,358,NA,NA,0,NA,0,NA,NA,NA,NA,NA
1987,10,11,7,1722,1723,1825,1826,PS,1569,NA,63,63,NA,-1,-1,BUR,SMF,358,NA,NA,0,NA,0,NA,NA,NA,NA,NA
1987,10,12,1,1725,1723,1827,1826,PS,1569,NA,62,63,NA,1,2,BUR,SMF,358,NA,NA,0,NA,0,NA,NA,NA,NA,NA
1987,10,13,2,1724,1723,1841,1826,PS,1569,NA,77,63,NA,15,1,BUR,SMF,358,NA,NA,0,NA,0,NA,NA,NA,NA,NA
1987,10,14,3,1728,1723,1835,1826,PS,1569,NA,67,63,NA,9,5,BUR,SMF,358,NA,NA,0,NA,0,NA,NA,NA,NA,NA
1987,10,15,4,1727,1723,1850,1826,PS,1569,NA,83,63,NA,24,4,BUR,SMF,358,NA,NA,0,NA,0,NA,NA,NA,NA,NA
1987,10,16,5,1733,1723,1847,1826,PS,1569,NA,74,63,NA,21,10,BUR,SMF,358,NA,NA,0,NA,0,NA,NA,NA,NA,NA
1987,10,17,6,1722,1723,1827,1826,PS,1569,NA,65,63,NA,1,-1,BUR,SMF,358,NA,NA,0,NA,0,NA,NA,NA,NA,NA
1987,10,18,7,1738,1723,1842,1826,PS,1569,NA,64,63,NA,16,15,BUR,SMF,358,NA,NA,0,NA,0,NA,NA,NA,NA,NA
1987,10,19,1,1721,1723,1824,1826,PS,1569,NA,63,63,NA,-2,-2,BUR,SMF,358,NA,NA,0,NA,0,NA,NA,NA,NA,NA
1987,10,20,2,1723,1723,1825,1826,PS,1569,NA,62,63,NA,-1,0,BUR,SMF,358,NA,NA,0,NA,0,NA,NA,NA,NA,NA
1987,10,21,3,1731,1723,1839,1826,PS,1569,NA,68,63,NA,13,8,BUR,SMF,358,NA,NA,0,NA,0,NA,NA,NA,NA,NA
1987,10,22,4,1739,1723,1853,1826,PS,1569,NA,74,63,NA,27,16,BUR,SMF,358,NA,NA,0,NA,0,NA,NA,NA,NA,NA
1987,10,23,5,1731,1723,1845,1826,PS,1569,NA,74,63,NA,19,8,BUR,SMF,358,NA,NA,0,NA,0,NA,NA,NA,NA,NA
1987,10,24,6,1722,1723,1824,1826,PS,1569,NA,62,63,NA,-2,-1,BUR,SMF,358,NA,NA,0,NA,0,NA,NA,NA,NA,NA
1987,10,25,7,1724,1723,1834,1826,PS,1569,NA,70,63,NA,8,1,BUR,SMF,358,NA,NA,0,NA,0,NA,NA,NA,NA,NA
1987,10,26,1,1726,1723,1835,1826,PS,1569,NA,69,63,NA,9,3,BUR,SMF,358,NA,NA,0,NA,0,NA,NA,NA,NA,NA
1987,10,27,2,1724,1723,1826,1826,PS,1569,NA,62,63,NA,0,1,BUR,SMF,358,NA,NA,0,NA,0,NA,NA,NA,NA,NA
1987,10,28,3,1828,1715,1933,1823,PS,1569,NA,65,68,NA,70,73,BUR,SMF,358,NA,NA,0,NA,0,NA,NA,NA,NA,NA
1987,10,29,4,1756,1715,1914,1823,PS,1569,NA,78,68,NA,51,41,BUR,SMF,358,NA,NA,0,NA,0,NA,NA,NA,NA,NA
1987,10,30,5,1714,1715,1820,1823,PS,1569,NA,66,68,NA,-3,-1,BUR,SMF,358,NA,NA,0,NA,0,NA,NA,NA,NA,NA
1987,10,31,6,1714,1715,1816,1823,PS,1569,NA,62,68,NA,-7,-1,BUR,SMF,358,NA,NA,0,NA,0,NA,NA,NA,NA,NA
1987,10,1,4,1612,1610,1658,1658,PS,1569,NA,46,48,NA,0,2,LAS,BUR,223,NA,NA,0,NA,0,NA,NA,NA,NA,NA
1987,10,2,5,1621,1610,1710,1658,PS,1569,NA,49,48,NA,12,11,LAS,BUR,223,NA,NA,0,NA,0,NA,NA,NA,NA,NA
1987,10,3,6,1609,1610,1654,1658,PS,1569,NA,45,48,NA,-4,-1,LAS,BUR,223,NA,NA,0,NA,0,NA,NA,NA,NA,NA
1987,10,4,7,1613,1610,1659,1658,PS,1569,NA,46,48,NA,1,3,LAS,BUR,223,NA,NA,0,NA,0,NA,NA,NA,NA,NA
1987,10,5,1,1610,1610,1700,1658,PS,1569,NA,50,48,NA,2,0,LAS,BUR,223,NA,NA,0,NA,0,NA,NA,NA,NA,NA
1987,10,6,2,1620,1610,1706,1658,PS,1569,NA,46,48,NA,8,10,LAS,BUR,223,NA,NA,0,NA,0,NA,NA,NA,NA,NA
1987,10,7,3,1609,1610,1657,1658,PS,1569,NA,48,48,NA,-1,-1,LAS,BUR,223,NA,NA,0,NA,0,NA,NA,NA,NA,NA
1987,10,8,4,1610,1610,1702,1658,PS,1569,NA,52,48,NA,4,0,LAS,BUR,223,NA,NA,0,NA,0,NA,NA,NA,NA,NA
1987,10,9,5,1610,1610,1656,1658,PS,1569,NA,46,48,NA,-2,0,LAS,BUR,223,NA,NA,0,NA,0,NA,NA,NA,NA,NA
1987,10,10,6,1609,1610,1702,1658,PS,1569,NA,53,48,NA,4,-1,LAS,BUR,223,NA,NA,0,NA,0,NA,NA,NA,NA,NA
1987,10,11,7,1610,1610,1705,1658,PS,1569,NA,55,48,NA,7,0,LAS,BUR,223,NA,NA,0,NA,0,NA,NA,NA,NA,NA
1987,10,12,1,1610,1610,1707,1658,PS,1569,NA,57,48,NA,9,0,LAS,BUR,223,NA,NA,0,NA,0,NA,NA,NA,NA,NA
1987,10,13,2,1611,1610,1707,1658,PS,1569,NA,56,48,NA,9,1,LAS,BUR,223,NA,NA,0,NA,0,NA,NA,NA,NA,NA
1987,10,14,3,1610,1610,1708,1658,PS,1569,NA,58,48,NA,10,0,LAS,BUR,223,NA,NA,0,NA,0,NA,NA,NA,NA,NA
1987,10,15,4,1609,1610,1711,1658,PS,1569,NA,62,48,NA,13,-1,LAS,BUR,223,NA,NA,0,NA,0,NA,NA,NA,NA,NA
1987,10,16,5,1613,1610,1714,1658,PS,1569,NA,61,48,NA,16,3,LAS,BUR,223,NA,NA,0,NA,0,NA,NA,NA,NA,NA
1987,10,17,6,1610,1610,1703,1658,PS,1569,NA,53,48,NA,5,0,LAS,BUR,223,NA,NA,0,NA,0,NA,NA,NA,NA,NA
1987,10,18,7,1621,1610,1716,1658,PS,1569,NA,55,48,NA,18,11,LAS,BUR,223,NA,NA,0,NA,0,NA,NA,NA,NA,NA
1987,10,19,1,1610,1610,1659,1658,PS,1569,NA,49,48,NA,1,0,LAS,BUR,223,NA,NA,0,NA,0,NA,NA,NA,NA,NA
1987,10,20,2,1609,1610,1703,1658,PS,1569,NA,54,48,NA,5,-1,LAS,BUR,223,NA,NA,0,NA,0,NA,NA,NA,NA,NA
1987,10,21,3,1609,1610,1704,1658,PS,1569,NA,55,48,NA,6,-1,LAS,BUR,223,NA,NA,0,NA,0,NA,NA,NA,NA,NA
1987,10,22,4,1617,1610,1719,1658,PS,1569,NA,62,48,NA,21,7,LAS,BUR,223,NA,NA,0,NA,0,NA,NA,NA,NA,NA
1987,10,23,5,1611,1610,1709,1658,PS,1569,NA,58,48,NA,11,1,LAS,BUR,223,NA,NA,0,NA,0,NA,NA,NA,NA,NA
1987,10,24,6,1609,1610,1657,1658,PS,1569,NA,48,48,NA,-1,-1,LAS,BUR,223,NA,NA,0,NA,0,NA,NA,NA,NA,NA
1987,10,25,7,1611,1610,1701,1658,PS,1569,NA,50,48,NA,3,1,LAS,BUR,223,NA,NA,0,NA,0,NA,NA,NA,NA,NA
1987,10,26,1,1613,1610,1702,1658,PS,1569,NA,49,48,NA,4,3,LAS,BUR,223,NA,NA,0,NA,0,NA,NA,NA,NA,NA
1987,10,27,2,1610,1610,1700,1658,PS,1569,NA,50,48,NA,2,0,LAS,BUR,223,NA,NA,0,NA,0,NA,NA,NA,NA,NA
1987,10,3,6,2039,2040,2137,2132,PS,1570,NA,58,52,NA,5,-1,SAN,LAS,258,NA,NA,0,NA,0,NA,NA,NA,NA,NA
1987,10,10,6,2040,2040,2136,2132,PS,1570,NA,56,52,NA,4,0,SAN,LAS,258,NA,NA,0,NA,0,NA,NA,NA,NA,NA
1987,10,17,6,2039,2040,2127,2132,PS,1570,NA,48,52,NA,-5,-1,SAN,LAS,258,NA,NA,0,NA,0,NA,NA,NA,NA,NA
1987,10,24,6,2041,2040,2131,2132,PS,1570,NA,50,52,NA,-1,1,SAN,LAS,258,NA,NA,0,NA,0,NA,NA,NA,NA,NA
1987,10,1,4,1855,1855,2010,2011,PS,1570,NA,75,76,NA,-1,0,SMF,SAN,480,NA,NA,0,NA,0,NA,NA,NA,NA,NA
1987,10,2,5,1900,1855,2019,2011,PS,1570,NA,79,76,NA,8,5,SMF,SAN,480,NA,NA,0,NA,0,NA,NA,NA,NA,NA
1987,10,3,6,1855,1855,2012,2011,PS,1570,NA,77,76,NA,1,0,SMF,SAN,480,NA,NA,0,NA,0,NA,NA,NA,NA,NA
1987,10,4,7,1858,1855,2013,2011,PS,1570,NA,75,76,NA,2,3,SMF,SAN,480,NA,NA,0,NA,0,NA,NA,NA,NA,NA
1987,10,5,1,2017,1855,2137,2011,PS,1570,NA,80,76,NA,86,82,SMF,SAN,480,NA,NA,0,NA,0,NA,NA,NA,NA,NA
1987,10,6,2,1854,1855,2010,2011,PS,1570,NA,76,76,NA,-1,-1,SMF,SAN,480,NA,NA,0,NA,0,NA,NA,NA,NA,NA
1987,10,7,3,1855,1855,2009,2011,PS,1570,NA,74,76,NA,-2,0,SMF,SAN,480,NA,NA,0,NA,0,NA,NA,NA,NA,NA
1987,10,8,4,1901,1855,2021,2011,PS,1570,NA,80,76,NA,10,6,SMF,SAN,480,NA,NA,0,NA,0,NA,NA,NA,NA,NA
1987,10,9,5,1901,1855,2019,2011,PS,1570,NA,78,76,NA,8,6,SMF,SAN,480,NA,NA,0,NA,0,NA,NA,NA,NA,NA
1987,10,10,6,1855,1855,2020,2011,PS,1570,NA,85,76,NA,9,0,SMF,SAN,480,NA,NA,0,NA,0,NA,NA,NA,NA,NA
1987,10,11,7,1854,1855,2017,2011,PS,1570,NA,83,76,NA,6,-1,SMF,SAN,480,NA,NA,0,NA,0,NA,NA,NA,NA,NA
1987,10,12,1,1854,1855,2009,2011,PS,1570,NA,75,76,NA,-2,-1,SMF,SAN,480,NA,NA,0,NA,0,NA,NA,NA,NA,NA
1987,10,13,2,1859,1855,2010,2011,PS,1570,NA,71,76,NA,-1,4,SMF,SAN,480,NA,NA,0,NA,0,NA,NA,NA,NA,NA
1987,10,14,3,1855,1855,2016,2011,PS,1570,NA,81,76,NA,5,0,SMF,SAN,480,NA,NA,0,NA,0,NA,NA,NA,NA,NA
1987,10,15,4,1917,1855,2039,2011,PS,1570,NA,82,76,NA,28,22,SMF,SAN,480,NA,NA,0,NA,0,NA,NA,NA,NA,NA
1987,10,16,5,1915,1855,2034,2011,PS,1570,NA,79,76,NA,23,20,SMF,SAN,480,NA,NA,0,NA,0,NA,NA,NA,NA,NA
1987,10,17,6,1856,1855,2009,2011,PS,1570,NA,73,76,NA,-2,1,SMF,SAN,480,NA,NA,0,NA,0,NA,NA,NA,NA,NA
1987,10,18,7,1907,1855,2026,2011,PS,1570,NA,79,76,NA,15,12,SMF,SAN,480,NA,NA,0,NA,0,NA,NA,NA,NA,NA
1987,10,19,1,1854,1855,2014,2011,PS,1570,NA,80,76,NA,3,-1,SMF,SAN,480,NA,NA,0,NA,0,NA,NA,NA,NA,NA
1987,10,20,2,1855,1855,2010,2011,PS,1570,NA,75,76,NA,-1,0,SMF,SAN,480,NA,NA,0,NA,0,NA,NA,NA,NA,NA
1987,10,21,3,1857,1855,2017,2011,PS,1570,NA,80,76,NA,6,2,SMF,SAN,480,NA,NA,0,NA,0,NA,NA,NA,NA,NA
1987,10,22,4,1917,1855,2038,2011,PS,1570,NA,81,76,NA,27,22,SMF,SAN,480,NA,NA,0,NA,0,NA,NA,NA,NA,NA
1987,10,23,5,1918,1855,2046,2011,PS,1570,NA,88,76,NA,35,23,SMF,SAN,480,NA,NA,0,NA,0,NA,NA,NA,NA,NA
1987,10,24,6,1855,1855,2015,2011,PS,1570,NA,80,76,NA,4,0,SMF,SAN,480,NA,NA,0,NA,0,NA,NA,NA,NA,NA
1987,10,25,7,1858,1855,2020,2011,PS,1570,NA,82,76,NA,9,3,SMF,SAN,480,NA,NA,0,NA,0,NA,NA,NA,NA,NA
1987,10,26,1,1854,1855,2014,2011,PS,1570,NA,80,76,NA,3,-1,SMF,SAN,480,NA,NA,0,NA,0,NA,NA,NA,NA,NA
1987,10,27,2,1854,1855,2013,2007,PS,1570,NA,79,72,NA,6,-1,SMF,SAN,480,NA,NA,0,NA,0,NA,NA,NA,NA,NA
1987,10,28,3,1950,1853,2111,2007,PS,1570,NA,81,74,NA,64,57,SMF,SAN,480,NA,NA,0,NA,0,NA,NA,NA,NA,NA
1987,10,29,4,1938,1853,2052,2007,PS,1570,NA,74,74,NA,45,45,SMF,SAN,480,NA,NA,0,NA,0,NA,NA,NA,NA,NA
1987,10,30,5,1853,1853,2013,2007,PS,1570,NA,80,74,NA,6,0,SMF,SAN,480,NA,NA,0,NA,0,NA,NA,NA,NA,NA
1987,10,31,6,1852,1853,2016,2007,PS,1570,NA,84,74,NA,9,-1,SMF,SAN,480,NA,NA,0,NA,0,NA,NA,NA,NA,NA
1987,10,1,4,1754,1750,1851,1842,PS,1571,NA,57,52,NA,9,4,LAS,SAN,258,NA,NA,0,NA,0,NA,NA,NA,NA,NA
1987,10,2,5,1750,1750,1844,1842,PS,1571,NA,54,52,NA,2,0,LAS,SAN,258,NA,NA,0,NA,0,NA,NA,NA,NA,NA
1987,10,3,6,1751,1750,1841,1842,PS,1571,NA,50,52,NA,-1,1,LAS,SAN,258,NA,NA,0,NA,0,NA,NA,NA,NA,NA
1987,10,4,7,1749,1750,1844,1842,PS,1571,NA,55,52,NA,2,-1,LAS,SAN,258,NA,NA,0,NA,0,NA,NA,NA,NA,NA
1987,10,5,1,1750,1750,NA,1930,PS,1571,NA,NA,100,NA,NA,0,LAS,SAN,258,NA,NA,0,NA,1,NA,NA,NA,NA,NA
1987,10,6,2,1750,1750,1846,1842,PS,1571,NA,56,52,NA,4,0,LAS,SAN,258,NA,NA,0,NA,0,NA,NA,NA,NA,NA
1987,10,7,3,1749,1750,1845,1842,PS,1571,NA,56,52,NA,3,-1,LAS,SAN,258,NA,NA,0,NA,0,NA,NA,NA,NA,NA
1987,10,8,4,1751,1750,1848,1842,PS,1571,NA,57,52,NA,6,1,LAS,SAN,258,NA,NA,0,NA,0,NA,NA,NA,NA,NA
1987,10,9,5,1804,1750,1900,1842,PS,1571,NA,56,52,NA,18,14,LAS,SAN,258,NA,NA,0,NA,0,NA,NA,NA,NA,NA
1987,10,10,6,1750,1750,1841,1842,PS,1571,NA,51,52,NA,-1,0,LAS,SAN,258,NA,NA,0,NA,0,NA,NA,NA,NA,NA
1987,10,11,7,1750,1750,1900,1842,PS,1571,NA,70,52,NA,18,0,LAS,SAN,258,NA,NA,0,NA,0,NA,NA,NA,NA,NA
1987,10,12,1,1749,1750,1852,1842,PS,1571,NA,63,52,NA,10,-1,LAS,SAN,258,NA,NA,0,NA,0,NA,NA,NA,NA,NA
1987,10,13,2,1750,1750,1851,1842,PS,1571,NA,61,52,NA,9,0,LAS,SAN,258,NA,NA,0,NA,0,NA,NA,NA,NA,NA
1987,10,14,3,1749,1750,1849,1842,PS,1571,NA,60,52,NA,7,-1,LAS,SAN,258,NA,NA,0,NA,0,NA,NA,NA,NA,NA
1987,10,15,4,1822,1750,1916,1842,PS,1571,NA,54,52,NA,34,32,LAS,SAN,258,NA,NA,0,NA,0,NA,NA,NA,NA,NA
1987,10,17,6,1814,1750,1905,1842,PS,1571,NA,51,52,NA,23,24,LAS,SAN,258,NA,NA,0,NA,0,NA,NA,NA,NA,NA
1987,10,18,7,1750,1750,1848,1842,PS,1571,NA,58,52,NA,6,0,LAS,SAN,258,NA,NA,0,NA,0,NA,NA,NA,NA,NA
1987,10,19,1,1748,1750,1844,1842,PS,1571,NA,56,52,NA,2,-2,LAS,SAN,258,NA,NA,0,NA,0,NA,NA,NA,NA,NA
1987,10,20,2,1749,1750,1842,1842,PS,1571,NA,53,52,NA,0,-1,LAS,SAN,258,NA,NA,0,NA,0,NA,NA,NA,NA,NA
1987,10,21,3,1750,1750,1847,1842,PS,1571,NA,57,52,NA,5,0,LAS,SAN,258,NA,NA,0,NA,0,NA,NA,NA,NA,NA
1987,10,22,4,1749,1750,1859,1842,PS,1571,NA,70,52,NA,17,-1,LAS,SAN,258,NA,NA,0,NA,0,NA,NA,NA,NA,NA
1987,10,23,5,1756,1750,1853,1842,PS,1571,NA,57,52,NA,11,6,LAS,SAN,258,NA,NA,0,NA,0,NA,NA,NA,NA,NA
1987,10,24,6,1750,1750,1846,1842,PS,1571,NA,56,52,NA,4,0,LAS,SAN,258,NA,NA,0,NA,0,NA,NA,NA,NA,NA
1987,10,25,7,1749,1750,1851,1842,PS,1571,NA,62,52,NA,9,-1,LAS,SAN,258,NA,NA,0,NA,0,NA,NA,NA,NA,NA
1987,10,26,1,1750,1750,1843,1842,PS,1571,NA,53,52,NA,1,0,LAS,SAN,258,NA,NA,0,NA,0,NA,NA,NA,NA,NA
1987,10,27,2,1750,1750,1848,1842,PS,1571,NA,58,52,NA,6,0,LAS,SAN,258,NA,NA,0,NA,0,NA,NA,NA,NA,NA
1987,10,29,4,1843,1842,1942,1936,PS,1571,NA,59,54,NA,6,1,LAS,SAN,258,NA,NA,0,NA,0,NA,NA,NA,NA,NA
1987,10,30,5,1842,1842,1935,1936,PS,1571,NA,53,54,NA,-1,0,LAS,SAN,258,NA,NA,0,NA,0,NA,NA,NA,NA,NA
1987,10,28,3,1715,1715,1816,1812,PS,1572,NA,61,57,NA,4,0,SAN,LAS,258,NA,NA,0,NA,0,NA,NA,NA,NA,NA
1987,10,29,4,1714,1715,1818,1812,PS,1572,NA,64,57,NA,6,-1,SAN,LAS,258,NA,NA,0,NA,0,NA,NA,NA,NA,NA
1987,10,30,5,1715,1715,1814,1812,PS,1572,NA,59,57,NA,2,0,SAN,LAS,258,NA,NA,0,NA,0,NA,NA,NA,NA,NA
1987,10,1,4,941,930,1034,1021,PS,1573,NA,53,51,NA,13,11,LAS,SAN,258,NA,NA,0,NA,0,NA,NA,NA,NA,NA
1987,10,2,5,946,930,1035,1021,PS,1573,NA,49,51,NA,14,16,LAS,SAN,258,NA,NA,0,NA,0,NA,NA,NA,NA,NA
1987,10,3,6,930,930,1019,1021,PS,1573,NA,49,51,NA,-2,0,LAS,SAN,258,NA,NA,0,NA,0,NA,NA,NA,NA,NA
1987,10,4,7,932,930,1028,1021,PS,1573,NA,56,51,NA,7,2,LAS,SAN,258,NA,NA,0,NA,0,NA,NA,NA,NA,NA
1987,10,5,1,943,930,1037,1021,PS,1573,NA,54,51,NA,16,13,LAS,SAN,258,NA,NA,0,NA,0,NA,NA,NA,NA,NA
1987,10,6,2,1033,930,1124,1021,PS,1573,NA,51,51,NA,63,63,LAS,SAN,258,NA,NA,0,NA,0,NA,NA,NA,NA,NA
1987,10,7,3,946,930,1039,1021,PS,1573,NA,53,51,NA,18,16,LAS,SAN,258,NA,NA,0,NA,0,NA,NA,NA,NA,NA
1987,10,8,4,949,930,1037,1021,PS,1573,NA,48,51,NA,16,19,LAS,SAN,258,NA,NA,0,NA,0,NA,NA,NA,NA,NA
1987,10,10,6,931,930,1022,1021,PS,1573,NA,51,51,NA,1,1,LAS,SAN,258,NA,NA,0,NA,0,NA,NA,NA,NA,NA
1987,10,11,7,930,930,1025,1021,PS,1573,NA,55,51,NA,4,0,LAS,SAN,258,NA,NA,0,NA,0,NA,NA,NA,NA,NA
1987,10,12,1,931,930,1040,1021,PS,1573,NA,69,51,NA,19,1,LAS,SAN,258,NA,NA,0,NA,0,NA,NA,NA,NA,NA
1987,10,13,2,929,930,1024,1021,PS,1573,NA,55,51,NA,3,-1,LAS,SAN,258,NA,NA,0,NA,0,NA,NA,NA,NA,NA
1987,10,14,3,953,930,1042,1021,PS,1573,NA,49,51,NA,21,23,LAS,SAN,258,NA,NA,0,NA,0,NA,NA,NA,NA,NA
1987,10,15,4,931,930,1036,1021,PS,1573,NA,65,51,NA,15,1,LAS,SAN,258,NA,NA,0,NA,0,NA,NA,NA,NA,NA
1987,10,16,5,938,930,1036,1021,PS,1573,NA,58,51,NA,15,8,LAS,SAN,258,NA,NA,0,NA,0,NA,NA,NA,NA,NA
1987,10,17,6,938,930,1027,1021,PS,1573,NA,49,51,NA,6,8,LAS,SAN,258,NA,NA,0,NA,0,NA,NA,NA,NA,NA
1987,10,18,7,935,930,1101,1021,PS,1573,NA,86,51,NA,40,5,LAS,SAN,258,NA,NA,0,NA,0,NA,NA,NA,NA,NA
1987,10,19,1,930,930,1021,1021,PS,1573,NA,51,51,NA,0,0,LAS,SAN,258,NA,NA,0,NA,0,NA,NA,NA,NA,NA
1987,10,20,2,941,930,1035,1021,PS,1573,NA,54,51,NA,14,11,LAS,SAN,258,NA,NA,0,NA,0,NA,NA,NA,NA,NA
1987,10,21,3,934,930,1025,1021,PS,1573,NA,51,51,NA,4,4,LAS,SAN,258,NA,NA,0,NA,0,NA,NA,NA,NA,NA
1987,10,22,4,929,930,1025,1021,PS,1573,NA,56,51,NA,4,-1,LAS,SAN,258,NA,NA,0,NA,0,NA,NA,NA,NA,NA
1987,10,23,5,929,930,1029,1021,PS,1573,NA,60,51,NA,8,-1,LAS,SAN,258,NA,NA,0,NA,0,NA,NA,NA,NA,NA
1987,10,24,6,930,930,1034,1021,PS,1573,NA,64,51,NA,13,0,LAS,SAN,258,NA,NA,0,NA,0,NA,NA,NA,NA,NA
1987,10,25,7,939,930,1037,1021,PS,1573,NA,58,51,NA,16,9,LAS,SAN,258,NA,NA,0,NA,0,NA,NA,NA,NA,NA
1987,10,26,1,929,930,1022,1021,PS,1573,NA,53,51,NA,1,-1,LAS,SAN,258,NA,NA,0,NA,0,NA,NA,NA,NA,NA
1987,10,27,2,944,930,1036,1021,PS,1573,NA,52,51,NA,15,14,LAS,SAN,258,NA,NA,0,NA,0,NA,NA,NA,NA,NA
1987,10,1,4,1924,1847,2059,2010,PS,1574,NA,95,83,NA,49,37,EUG,SFO,451,NA,NA,0,NA,0,NA,NA,NA,NA,NA
1987,10,2,5,1854,1847,2022,2010,PS,1574,NA,88,83,NA,12,7,EUG,SFO,451,NA,NA,0,NA,0,NA,NA,NA,NA,NA
1987,10,4,7,1921,1847,2040,2010,PS,1574,NA,79,83,NA,30,34,EUG,SFO,451,NA,NA,0,NA,0,NA,NA,NA,NA,NA
1987,10,5,1,1847,1847,2046,2010,PS,1574,NA,119,83,NA,36,0,EUG,SFO,451,NA,NA,0,NA,0,NA,NA,NA,NA,NA
1987,10,6,2,1901,1847,2037,2010,PS,1574,NA,96,83,NA,27,14,EUG,SFO,451,NA,NA,0,NA,0,NA,NA,NA,NA,NA
1987,10,7,3,1854,1847,2042,2010,PS,1574,NA,108,83,NA,32,7,EUG,SFO,451,NA,NA,0,NA,0,NA,NA,NA,NA,NA
1987,10,8,4,1934,1847,2104,2010,PS,1574,NA,90,83,NA,54,47,EUG,SFO,451,NA,NA,0,NA,0,NA,NA,NA,NA,NA
1987,10,9,5,1914,1847,2045,2010,PS,1574,NA,91,83,NA,35,27,EUG,SFO,451,NA,NA,0,NA,0,NA,NA,NA,NA,NA
1987,10,11,7,1921,1847,2054,2010,PS,1574,NA,93,83,NA,44,34,EUG,SFO,451,NA,NA,0,NA,0,NA,NA,NA,NA,NA
1987,10,12,1,1926,1847,2056,2010,PS,1574,NA,90,83,NA,46,39,EUG,SFO,451,NA,NA,0,NA,0,NA,NA,NA,NA,NA
1987,10,13,2,1855,1847,2031,2010,PS,1574,NA,96,83,NA,21,8,EUG,SFO,451,NA,NA,0,NA,0,NA,NA,NA,NA,NA
1987,10,14,3,1902,1847,2026,2010,PS,1574,NA,84,83,NA,16,15,EUG,SFO,451,NA,NA,0,NA,0,NA,NA,NA,NA,NA
1987,10,15,4,1856,1847,2020,2010,PS,1574,NA,84,83,NA,10,9,EUG,SFO,451,NA,NA,0,NA,0,NA,NA,NA,NA,NA
1987,10,18,7,1845,1847,2011,2010,PS,1574,NA,86,83,NA,1,-2,EUG,SFO,451,NA,NA,0,NA,0,NA,NA,NA,NA,NA
1987,10,19,1,1844,1847,2013,2010,PS,1574,NA,89,83,NA,3,-3,EUG,SFO,451,NA,NA,0,NA,0,NA,NA,NA,NA,NA
1987,10,20,2,1846,1847,2017,2010,PS,1574,NA,91,83,NA,7,-1,EUG,SFO,451,NA,NA,0,NA,0,NA,NA,NA,NA,NA
1987,10,21,3,1848,1847,2014,2010,PS,1574,NA,86,83,NA,4,1,EUG,SFO,451,NA,NA,0,NA,0,NA,NA,NA,NA,NA
1987,10,22,4,1946,1847,2128,2010,PS,1574,NA,102,83,NA,78,59,EUG,SFO,451,NA,NA,0,NA,0,NA,NA,NA,NA,NA
1987,10,23,5,1946,1847,2119,2010,PS,1574,NA,93,83,NA,69,59,EUG,SFO,451,NA,NA,0,NA,0,NA,NA,NA,NA,NA
1987,10,25,7,1901,1847,2024,2010,PS,1574,NA,83,83,NA,14,14,EUG,SFO,451,NA,NA,0,NA,0,NA,NA,NA,NA,NA
1987,10,26,1,1902,1847,2041,2010,PS,1574,NA,99,83,NA,31,15,EUG,SFO,451,NA,NA,0,NA,0,NA,NA,NA,NA,NA
1987,10,27,2,1901,1847,2114,2010,PS,1574,NA,133,83,NA,64,14,EUG,SFO,451,NA,NA,0,NA,0,NA,NA,NA,NA,NA
1987,10,28,3,2005,1838,2153,2003,PS,1574,NA,108,85,NA,110,87,EUG,SFO,451,NA,NA,0,NA,0,NA,NA,NA,NA,NA
1987,10,29,4,1937,1838,2107,2003,PS,1574,NA,90,85,NA,64,59,EUG,SFO,451,NA,NA,0,NA,0,NA,NA,NA,NA,NA
1987,10,30,5,1910,1838,2059,2003,PS,1574,NA,109,85,NA,56,32,EUG,SFO,451,NA,NA,0,NA,0,NA,NA,NA,NA,NA
1987,10,1,4,1632,1610,1722,1656,PS,1575,NA,110,106,NA,26,22,ABQ,LAX,677,NA,NA,0,NA,0,NA,NA,NA,NA,NA
1987,10,2,5,1631,1610,1719,1656,PS,1575,NA,108,106,NA,23,21,ABQ,LAX,677,NA,NA,0,NA,0,NA,NA,NA,NA,NA
1987,10,4,7,1620,1610,1658,1656,PS,1575,NA,98,106,NA,2,10,ABQ,LAX,677,NA,NA,0,NA,0,NA,NA,NA,NA,NA
1987,10,5,1,1619,1610,1700,1656,PS,1575,NA,101,106,NA,4,9,ABQ,LAX,677,NA,NA,0,NA,0,NA,NA,NA,NA,NA
1987,10,6,2,1614,1610,1657,1656,PS,1575,NA,103,106,NA,1,4,ABQ,LAX,677,NA,NA,0,NA,0,NA,NA,NA,NA,NA
1987,10,7,3,1620,1610,1727,1656,PS,1575,NA,127,106,NA,31,10,ABQ,LAX,677,NA,NA,0,NA,0,NA,NA,NA,NA,NA
1987,10,8,4,1628,1610,1723,1656,PS,1575,NA,115,106,NA,27,18,ABQ,LAX,677,NA,NA,0,NA,0,NA,NA,NA,NA,NA
1987,10,9,5,1636,1610,1729,1656,PS,1575,NA,113,106,NA,33,26,ABQ,LAX,677,NA,NA,0,NA,0,NA,NA,NA,NA,NA
1987,10,11,7,1642,1610,1725,1656,PS,1575,NA,103,106,NA,29,32,ABQ,LAX,677,NA,NA,0,NA,0,NA,NA,NA,NA,NA
1987,10,12,1,1628,1610,1723,1656,PS,1575,NA,115,106,NA,27,18,ABQ,LAX,677,NA,NA,0,NA,0,NA,NA,NA,NA,NA
1987,10,13,2,1615,1610,1723,1656,PS,1575,NA,128,106,NA,27,5,ABQ,LAX,677,NA,NA,0,NA,0,NA,NA,NA,NA,NA
1987,10,14,3,1620,1610,1717,1656,PS,1575,NA,117,106,NA,21,10,ABQ,LAX,677,NA,NA,0,NA,0,NA,NA,NA,NA,NA
1987,10,15,4,1616,1610,1715,1656,PS,1575,NA,119,106,NA,19,6,ABQ,LAX,677,NA,NA,0,NA,0,NA,NA,NA,NA,NA
1987,10,16,5,1714,1610,1804,1656,PS,1575,NA,110,106,NA,68,64,ABQ,LAX,677,NA,NA,0,NA,0,NA,NA,NA,NA,NA
1987,10,18,7,1634,1610,1723,1656,PS,1575,NA,109,106,NA,27,24,ABQ,LAX,677,NA,NA,0,NA,0,NA,NA,NA,NA,NA
1987,10,19,1,1640,1610,1724,1656,PS,1575,NA,104,106,NA,28,30,ABQ,LAX,677,NA,NA,0,NA,0,NA,NA,NA,NA,NA
1987,10,20,2,1625,1610,1712,1656,PS,1575,NA,107,106,NA,16,15,ABQ,LAX,677,NA,NA,0,NA,0,NA,NA,NA,NA,NA
1987,10,21,3,1618,1610,1717,1656,PS,1575,NA,119,106,NA,21,8,ABQ,LAX,677,NA,NA,0,NA,0,NA,NA,NA,NA,NA
1987,10,22,4,1642,1610,1744,1656,PS,1575,NA,122,106,NA,48,32,ABQ,LAX,677,NA,NA,0,NA,0,NA,NA,NA,NA,NA
1987,10,23,5,1612,1610,1710,1656,PS,1575,NA,118,106,NA,14,2,ABQ,LAX,677,NA,NA,0,NA,0,NA,NA,NA,NA,NA
1987,10,25,7,1621,1610,1725,1656,PS,1575,NA,124,106,NA,29,11,ABQ,LAX,677,NA,NA,0,NA,0,NA,NA,NA,NA,NA
1987,10,26,1,1615,1610,1709,1656,PS,1575,NA,114,106,NA,13,5,ABQ,LAX,677,NA,NA,0,NA,0,NA,NA,NA,NA,NA
1987,10,27,2,1609,1610,1705,1656,PS,1575,NA,116,106,NA,9,-1,ABQ,LAX,677,NA,NA,0,NA,0,NA,NA,NA,NA,NA
1987,10,28,3,1607,1605,1700,1659,PS,1575,NA,113,114,NA,1,2,ABQ,LAX,677,NA,NA,0,NA,0,NA,NA,NA,NA,NA
1987,10,29,4,1634,1605,1745,1659,PS,1575,NA,131,114,NA,46,29,ABQ,LAX,677,NA,NA,0,NA,0,NA,NA,NA,NA,NA
1987,10,30,5,1619,1605,1725,1659,PS,1575,NA,126,114,NA,26,14,ABQ,LAX,677,NA,NA,0,NA,0,NA,NA,NA,NA,NA
1987,10,1,4,1750,1730,1900,1833,PS,1575,NA,70,63,NA,27,20,LAX,SFO,337,NA,NA,0,NA,0,NA,NA,NA,NA,NA
1987,10,2,5,1737,1730,1840,1833,PS,1575,NA,63,63,NA,7,7,LAX,SFO,337,NA,NA,0,NA,0,NA,NA,NA,NA,NA
1987,10,4,7,1746,1730,1846,1833,PS,1575,NA,60,63,NA,13,16,LAX,SFO,337,NA,NA,0,NA,0,NA,NA,NA,NA,NA
1987,10,5,1,1738,1730,1837,1833,PS,1575,NA,59,63,NA,4,8,LAX,SFO,337,NA,NA,0,NA,0,NA,NA,NA,NA,NA
1987,10,6,2,1731,1730,1839,1833,PS,1575,NA,68,63,NA,6,1,LAX,SFO,337,NA,NA,0,NA,0,NA,NA,NA,NA,NA
1987,10,7,3,1746,1730,1856,1833,PS,1575,NA,70,63,NA,23,16,LAX,SFO,337,NA,NA,0,NA,0,NA,NA,NA,NA,NA
1987,10,8,4,1747,1730,1855,1833,PS,1575,NA,68,63,NA,22,17,LAX,SFO,337,NA,NA,0,NA,0,NA,NA,NA,NA,NA
1987,10,12,1,1806,1730,1930,1833,PS,1575,NA,84,63,NA,57,36,LAX,SFO,337,NA,NA,0,NA,0,NA,NA,NA,NA,NA
1987,10,13,2,1738,1730,1847,1833,PS,1575,NA,69,63,NA,14,8,LAX,SFO,337,NA,NA,0,NA,0,NA,NA,NA,NA,NA
1987,10,14,3,1745,1730,1857,1833,PS,1575,NA,72,63,NA,24,15,LAX,SFO,337,NA,NA,0,NA,0,NA,NA,NA,NA,NA
1987,10,15,4,1743,1730,1846,1833,PS,1575,NA,63,63,NA,13,13,LAX,SFO,337,NA,NA,0,NA,0,NA,NA,NA,NA,NA
1987,10,16,5,1842,1730,1946,1833,PS,1575,NA,64,63,NA,73,72,LAX,SFO,337,NA,NA,0,NA,0,NA,NA,NA,NA,NA
1987,10,18,7,1754,1730,1901,1833,PS,1575,NA,67,63,NA,28,24,LAX,SFO,337,NA,NA,0,NA,0,NA,NA,NA,NA,NA
1987,10,20,2,1730,1730,1835,1833,PS,1575,NA,65,63,NA,2,0,LAX,SFO,337,NA,NA,0,NA,0,NA,NA,NA,NA,NA
1987,10,21,3,1738,1730,1842,1833,PS,1575,NA,64,63,NA,9,8,LAX,SFO,337,NA,NA,0,NA,0,NA,NA,NA,NA,NA
1987,10,23,5,NA,1730,NA,1833,PS,1575,NA,NA,63,NA,NA,NA,LAX,SFO,337,NA,NA,1,NA,0,NA,NA,NA,NA,NA
1987,10,25,7,1752,1730,1853,1833,PS,1575,NA,61,63,NA,20,22,LAX,SFO,337,NA,NA,0,NA,0,NA,NA,NA,NA,NA
1987,10,26,1,1730,1730,1831,1833,PS,1575,NA,61,63,NA,-2,0,LAX,SFO,337,NA,NA,0,NA,0,NA,NA,NA,NA,NA
1987,10,28,3,1825,1730,1949,1840,PS,1575,NA,84,70,NA,69,55,LAX,SFO,337,NA,NA,0,NA,0,NA,NA,NA,NA,NA
1987,10,29,4,1816,1730,1928,1840,PS,1575,NA,72,70,NA,48,46,LAX,SFO,337,NA,NA,0,NA,0,NA,NA,NA,NA,NA
1987,10,30,5,1754,1730,1859,1840,PS,1575,NA,65,70,NA,19,24,LAX,SFO,337,NA,NA,0,NA,0,NA,NA,NA,NA,NA
1987,10,1,4,1915,1915,2016,2011,PS,1576,NA,61,56,NA,5,0,SAN,LAS,258,NA,NA,0,NA,0,NA,NA,NA,NA,NA
1987,10,2,5,1914,1915,2018,2011,PS,1576,NA,64,56,NA,7,-1,SAN,LAS,258,NA,NA,0,NA,0,NA,NA,NA,NA,NA
1987,10,4,7,1915,1915,2015,2011,PS,1576,NA,60,56,NA,4,0,SAN,LAS,258,NA,NA,0,NA,0,NA,NA,NA,NA,NA
1987,10,5,1,NA,1915,NA,2011,PS,1576,NA,NA,56,NA,NA,NA,SAN,LAS,258,NA,NA,1,NA,0,NA,NA,NA,NA,NA
1987,10,6,2,1914,1915,2019,2011,PS,1576,NA,65,56,NA,8,-1,SAN,LAS,258,NA,NA,0,NA,0,NA,NA,NA,NA,NA
1987,10,7,3,1915,1915,2023,2011,PS,1576,NA,68,56,NA,12,0,SAN,LAS,258,NA,NA,0,NA,0,NA,NA,NA,NA,NA
1987,10,8,4,1917,1915,2026,2011,PS,1576,NA,69,56,NA,15,2,SAN,LAS,258,NA,NA,0,NA,0,NA,NA,NA,NA,NA
1987,10,9,5,1934,1915,2038,2011,PS,1576,NA,64,56,NA,27,19,SAN,LAS,258,NA,NA,0,NA,0,NA,NA,NA,NA,NA
1987,10,13,2,1931,1915,2036,2011,PS,1576,NA,65,56,NA,25,16,SAN,LAS,258,NA,NA,0,NA,0,NA,NA,NA,NA,NA
1987,10,14,3,1914,1915,2017,2011,PS,1576,NA,63,56,NA,6,-1,SAN,LAS,258,NA,NA,0,NA,0,NA,NA,NA,NA,NA
1987,10,15,4,1935,1915,2038,2011,PS,1576,NA,63,56,NA,27,20,SAN,LAS,258,NA,NA,0,NA,0,NA,NA,NA,NA,NA
1987,10,18,7,1914,1915,2016,2011,PS,1576,NA,62,56,NA,5,-1,SAN,LAS,258,NA,NA,0,NA,0,NA,NA,NA,NA,NA
1987,10,19,1,1914,1915,2014,2011,PS,1576,NA,60,56,NA,3,-1,SAN,LAS,258,NA,NA,0,NA,0,NA,NA,NA,NA,NA
1987,10,21,3,1914,1915,2014,2011,PS,1576,NA,60,56,NA,3,-1,SAN,LAS,258,NA,NA,0,NA,0,NA,NA,NA,NA,NA
1987,10,22,4,2000,1915,2103,2011,PS,1576,NA,63,56,NA,52,45,SAN,LAS,258,NA,NA,0,NA,0,NA,NA,NA,NA,NA
1987,10,23,5,1919,1915,2024,2011,PS,1576,NA,65,56,NA,13,4,SAN,LAS,258,NA,NA,0,NA,0,NA,NA,NA,NA,NA
1987,10,25,7,1918,1915,2013,2011,PS,1576,NA,55,56,NA,2,3,SAN,LAS,258,NA,NA,0,NA,0,NA,NA,NA,NA,NA
1987,10,27,2,1915,1915,2014,2011,PS,1576,NA,59,56,NA,3,0,SAN,LAS,258,NA,NA,0,NA,0,NA,NA,NA,NA,NA
1987,10,29,4,2005,2006,2112,2100,PS,1576,NA,67,54,NA,12,-1,SAN,LAS,258,NA,NA,0,NA,0,NA,NA,NA,NA,NA
1987,10,30,5,2005,2006,2105,2100,PS,1576,NA,60,54,NA,5,-1,SAN,LAS,258,NA,NA,0,NA,0,NA,NA,NA,NA,NA
1987,10,1,4,1634,1630,1751,1747,PS,1577,NA,77,77,NA,4,4,SAN,SFO,447,NA,NA,0,NA,0,NA,NA,NA,NA,NA
1987,10,2,5,1635,1630,1751,1747,PS,1577,NA,76,77,NA,4,5,SAN,SFO,447,NA,NA,0,NA,0,NA,NA,NA,NA,NA
1987,10,3,6,1650,1630,1808,1747,PS,1577,NA,78,77,NA,21,20,SAN,SFO,447,NA,NA,0,NA,0,NA,NA,NA,NA,NA
1987,10,4,7,1708,1630,1819,1747,PS,1577,NA,71,77,NA,32,38,SAN,SFO,447,NA,NA,0,NA,0,NA,NA,NA,NA,NA
1987,10,6,2,1629,1630,1745,1747,PS,1577,NA,76,77,NA,-2,-1,SAN,SFO,447,NA,NA,0,NA,0,NA,NA,NA,NA,NA
1987,10,7,3,1629,1630,1753,1747,PS,1577,NA,84,77,NA,6,-1,SAN,SFO,447,NA,NA,0,NA,0,NA,NA,NA,NA,NA
1987,10,8,4,1654,1630,1821,1747,PS,1577,NA,87,77,NA,34,24,SAN,SFO,447,NA,NA,0,NA,0,NA,NA,NA,NA,NA
1987,10,9,5,1714,1630,1837,1747,PS,1577,NA,83,77,NA,50,44,SAN,SFO,447,NA,NA,0,NA,0,NA,NA,NA,NA,NA
1987,10,10,6,1632,1630,1745,1747,PS,1577,NA,73,77,NA,-2,2,SAN,SFO,447,NA,NA,0,NA,0,NA,NA,NA,NA,NA
1987,10,11,7,1700,1630,1834,1747,PS,1577,NA,94,77,NA,47,30,SAN,SFO,447,NA,NA,0,NA,0,NA,NA,NA,NA,NA
1987,10,12,1,1634,1630,1754,1747,PS,1577,NA,80,77,NA,7,4,SAN,SFO,447,NA,NA,0,NA,0,NA,NA,NA,NA,NA
1987,10,13,2,1631,1630,1751,1747,PS,1577,NA,80,77,NA,4,1,SAN,SFO,447,NA,NA,0,NA,0,NA,NA,NA,NA,NA
1987,10,14,3,1659,1630,1815,1747,PS,1577,NA,76,77,NA,28,29,SAN,SFO,447,NA,NA,0,NA,0,NA,NA,NA,NA,NA
1987,10,15,4,1634,1630,1753,1747,PS,1577,NA,79,77,NA,6,4,SAN,SFO,447,NA,NA,0,NA,0,NA,NA,NA,NA,NA
1987,10,16,5,1652,1630,1809,1747,PS,1577,NA,77,77,NA,22,22,SAN,SFO,447,NA,NA,0,NA,0,NA,NA,NA,NA,NA
1987,10,17,6,1641,1630,1756,1747,PS,1577,NA,75,77,NA,9,11,SAN,SFO,447,NA,NA,0,NA,0,NA,NA,NA,NA,NA
1987,10,18,7,1639,1630,1757,1747,PS,1577,NA,78,77,NA,10,9,SAN,SFO,447,NA,NA,0,NA,0,NA,NA,NA,NA,NA
1987,10,20,2,1711,1630,1827,1747,PS,1577,NA,76,77,NA,40,41,SAN,SFO,447,NA,NA,0,NA,0,NA,NA,NA,NA,NA
1987,10,21,3,1631,1630,1747,1747,PS,1577,NA,76,77,NA,0,1,SAN,SFO,447,NA,NA,0,NA,0,NA,NA,NA,NA,NA
1987,10,22,4,1712,1630,1844,1747,PS,1577,NA,92,77,NA,57,42,SAN,SFO,447,NA,NA,0,NA,0,NA,NA,NA,NA,NA
1987,10,24,6,1631,1630,1748,1747,PS,1577,NA,77,77,NA,1,1,SAN,SFO,447,NA,NA,0,NA,0,NA,NA,NA,NA,NA
1987,10,25,7,1639,1630,1811,1747,PS,1577,NA,92,77,NA,24,9,SAN,SFO,447,NA,NA,0,NA,0,NA,NA,NA,NA,NA
1987,10,26,1,1638,1630,1754,1747,PS,1577,NA,76,77,NA,7,8,SAN,SFO,447,NA,NA,0,NA,0,NA,NA,NA,NA,NA
1987,10,27,2,1638,1630,1805,1747,PS,1577,NA,87,77,NA,18,8,SAN,SFO,447,NA,NA,0,NA,0,NA,NA,NA,NA,NA
1987,10,28,3,1722,1635,1845,1800,PS,1577,NA,83,85,NA,45,47,SAN,SFO,447,NA,NA,0,NA,0,NA,NA,NA,NA,NA
1987,10,29,4,1716,1635,1840,1800,PS,1577,NA,84,85,NA,40,41,SAN,SFO,447,NA,NA,0,NA,0,NA,NA,NA,NA,NA
1987,10,30,5,1640,1635,1759,1800,PS,1577,NA,79,85,NA,-1,5,SAN,SFO,447,NA,NA,0,NA,0,NA,NA,NA,NA,NA
1987,10,31,6,1705,1635,1819,1800,PS,1577,NA,74,85,NA,19,30,SAN,SFO,447,NA,NA,0,NA,0,NA,NA,NA,NA,NA
1987,10,1,4,2230,2230,31,14,PS,1578,NA,121,104,NA,17,0,SEA,SFO,679,NA,NA,0,NA,0,NA,NA,NA,NA,NA
1987,10,2,5,2229,2230,10,14,PS,1578,NA,101,104,NA,-4,-1,SEA,SFO,679,NA,NA,0,NA,0,NA,NA,NA,NA,NA
1987,10,4,7,2231,2230,19,14,PS,1578,NA,108,104,NA,5,1,SEA,SFO,679,NA,NA,0,NA,0,NA,NA,NA,NA,NA
1987,10,5,1,2251,2230,34,14,PS,1578,NA,103,104,NA,20,21,SEA,SFO,679,NA,NA,0,NA,0,NA,NA,NA,NA,NA
1987,10,6,2,2232,2230,28,14,PS,1578,NA,116,104,NA,14,2,SEA,SFO,679,NA,NA,0,NA,0,NA,NA,NA,NA,NA
1987,10,7,3,2303,2230,48,14,PS,1578,NA,105,104,NA,34,33,SEA,SFO,679,NA,NA,0,NA,0,NA,NA,NA,NA,NA
1987,10,9,5,2231,2230,18,14,PS,1578,NA,107,104,NA,4,1,SEA,SFO,679,NA,NA,0,NA,0,NA,NA,NA,NA,NA
1987,10,11,7,2230,2230,20,14,PS,1578,NA,110,104,NA,6,0,SEA,SFO,679,NA,NA,0,NA,0,NA,NA,NA,NA,NA
1987,10,12,1,2313,2230,59,14,PS,1578,NA,106,104,NA,45,43,SEA,SFO,679,NA,NA,0,NA,0,NA,NA,NA,NA,NA
1987,10,13,2,2256,2230,40,14,PS,1578,NA,104,104,NA,26,26,SEA,SFO,679,NA,NA,0,NA,0,NA,NA,NA,NA,NA
1987,10,14,3,2248,2230,29,14,PS,1578,NA,101,104,NA,15,18,SEA,SFO,679,NA,NA,0,NA,0,NA,NA,NA,NA,NA
1987,10,15,4,2234,2230,18,14,PS,1578,NA,104,104,NA,4,4,SEA,SFO,679,NA,NA,0,NA,0,NA,NA,NA,NA,NA
1987,10,16,5,2230,2230,16,14,PS,1578,NA,106,104,NA,2,0,SEA,SFO,679,NA,NA,0,NA,0,NA,NA,NA,NA,NA
1987,10,18,7,2229,2230,14,14,PS,1578,NA,105,104,NA,0,-1,SEA,SFO,679,NA,NA,0,NA,0,NA,NA,NA,NA,NA
1987,10,20,2,2234,2230,22,14,PS,1578,NA,108,104,NA,8,4,SEA,SFO,679,NA,NA,0,NA,0,NA,NA,NA,NA,NA
1987,10,21,3,2232,2230,25,14,PS,1578,NA,113,104,NA,11,2,SEA,SFO,679,NA,NA,0,NA,0,NA,NA,NA,NA,NA
1987,10,22,4,2312,2230,105,14,PS,1578,NA,113,104,NA,51,42,SEA,SFO,679,NA,NA,0,NA,0,NA,NA,NA,NA,NA
1987,10,23,5,2235,2230,18,14,PS,1578,NA,103,104,NA,4,5,SEA,SFO,679,NA,NA,0,NA,0,NA,NA,NA,NA,NA
1987,10,25,7,2233,2230,24,14,PS,1578,NA,111,104,NA,10,3,SEA,SFO,679,NA,NA,0,NA,0,NA,NA,NA,NA,NA
1987,10,26,1,2235,2230,30,14,PS,1578,NA,115,104,NA,16,5,SEA,SFO,679,NA,NA,0,NA,0,NA,NA,NA,NA,NA
1987,10,27,2,2317,2230,103,14,PS,1578,NA,106,104,NA,49,47,SEA,SFO,679,NA,NA,0,NA,0,NA,NA,NA,NA,NA
1987,10,28,3,2338,2230,123,16,PS,1578,NA,105,106,NA,67,68,SEA,SFO,679,NA,NA,0,NA,0,NA,NA,NA,NA,NA
1987,10,30,5,2309,2230,104,16,PS,1578,NA,115,106,NA,48,39,SEA,SFO,679,NA,NA,0,NA,0,NA,NA,NA,NA,NA
1987,10,1,4,49,45,149,144,PS,1578,NA,60,59,NA,5,4,SFO,LAX,337,NA,NA,0,NA,0,NA,NA,NA,NA,NA
1987,10,2,5,45,45,142,144,PS,1578,NA,57,59,NA,-2,0,SFO,LAX,337,NA,NA,0,NA,0,NA,NA,NA,NA,NA
1987,10,4,7,44,45,147,144,PS,1578,NA,63,59,NA,3,-1,SFO,LAX,337,NA,NA,0,NA,0,NA,NA,NA,NA,NA
1987,10,5,1,54,45,153,144,PS,1578,NA,59,59,NA,9,9,SFO,LAX,337,NA,NA,0,NA,0,NA,NA,NA,NA,NA
1987,10,6,2,48,45,153,144,PS,1578,NA,65,59,NA,9,3,SFO,LAX,337,NA,NA,0,NA,0,NA,NA,NA,NA,NA
1987,10,7,3,101,45,158,144,PS,1578,NA,57,59,NA,14,16,SFO,LAX,337,NA,NA,0,NA,0,NA,NA,NA,NA,NA
1987,10,9,5,45,45,145,144,PS,1578,NA,60,59,NA,1,0,SFO,LAX,337,NA,NA,0,NA,0,NA,NA,NA,NA,NA
1987,10,11,7,45,45,152,144,PS,1578,NA,67,59,NA,8,0,SFO,LAX,337,NA,NA,0,NA,0,NA,NA,NA,NA,NA
1987,10,12,1,119,45,212,144,PS,1578,NA,53,59,NA,28,34,SFO,LAX,337,NA,NA,0,NA,0,NA,NA,NA,NA,NA
1987,10,13,2,103,45,159,144,PS,1578,NA,56,59,NA,15,18,SFO,LAX,337,NA,NA,0,NA,0,NA,NA,NA,NA,NA
1987,10,14,3,46,45,144,144,PS,1578,NA,58,59,NA,0,1,SFO,LAX,337,NA,NA,0,NA,0,NA,NA,NA,NA,NA
1987,10,15,4,47,45,149,144,PS,1578,NA,62,59,NA,5,2,SFO,LAX,337,NA,NA,0,NA,0,NA,NA,NA,NA,NA
1987,10,16,5,45,45,143,144,PS,1578,NA,58,59,NA,-1,0,SFO,LAX,337,NA,NA,0,NA,0,NA,NA,NA,NA,NA
1987,10,18,7,45,45,148,144,PS,1578,NA,63,59,NA,4,0,SFO,LAX,337,NA,NA,0,NA,0,NA,NA,NA,NA,NA
1987,10,19,1,52,45,155,144,PS,1578,NA,63,59,NA,11,7,SFO,LAX,337,NA,NA,0,NA,0,NA,NA,NA,NA,NA
1987,10,22,4,125,45,225,144,PS,1578,NA,60,59,NA,41,40,SFO,LAX,337,NA,NA,0,NA,0,NA,NA,NA,NA,NA
1987,10,23,5,105,45,202,144,PS,1578,NA,57,59,NA,18,20,SFO,LAX,337,NA,NA,0,NA,0,NA,NA,NA,NA,NA
1987,10,25,7,45,45,148,144,PS,1578,NA,63,59,NA,4,0,SFO,LAX,337,NA,NA,0,NA,0,NA,NA,NA,NA,NA
1987,10,27,2,122,45,228,144,PS,1578,NA,66,59,NA,44,37,SFO,LAX,337,NA,NA,0,NA,0,NA,NA,NA,NA,NA
1987,10,28,3,144,50,251,152,PS,1578,NA,67,62,NA,59,54,SFO,LAX,337,NA,NA,0,NA,0,NA,NA,NA,NA,NA
1987,10,29,4,128,50,227,152,PS,1578,NA,59,62,NA,35,38,SFO,LAX,337,NA,NA,0,NA,0,NA,NA,NA,NA,NA
1987,10,30,5,119,50,225,152,PS,1578,NA,66,62,NA,33,29,SFO,LAX,337,NA,NA,0,NA,0,NA,NA,NA,NA,NA
1987,10,1,4,1745,1736,1828,1815,PS,1580,NA,43,39,NA,13,9,MFR,RDM,156,NA,NA,0,NA,0,NA,NA,NA,NA,NA
1987,10,2,5,1745,1736,1823,1815,PS,1580,NA,38,39,NA,8,9,MFR,RDM,156,NA,NA,0,NA,0,NA,NA,NA,NA,NA
1987,10,3,6,1801,1736,1839,1815,PS,1580,NA,38,39,NA,24,25,MFR,RDM,156,NA,NA,0,NA,0,NA,NA,NA,NA,NA
1987,10,4,7,1748,1736,1827,1815,PS,1580,NA,39,39,NA,12,12,MFR,RDM,156,NA,NA,0,NA,0,NA,NA,NA,NA,NA
1987,10,5,1,1735,1736,1814,1815,PS,1580,NA,39,39,NA,-1,-1,MFR,RDM,156,NA,NA,0,NA,0,NA,NA,NA,NA,NA
1987,10,6,2,1736,1736,1811,1815,PS,1580,NA,35,39,NA,-4,0,MFR,RDM,156,NA,NA,0,NA,0,NA,NA,NA,NA,NA
1987,10,7,3,1736,1736,1812,1815,PS,1580,NA,36,39,NA,-3,0,MFR,RDM,156,NA,NA,0,NA,0,NA,NA,NA,NA,NA
1987,10,8,4,1734,1736,1811,1815,PS,1580,NA,37,39,NA,-4,-2,MFR,RDM,156,NA,NA,0,NA,0,NA,NA,NA,NA,NA
1987,10,9,5,1734,1736,1815,1815,PS,1580,NA,41,39,NA,0,-2,MFR,RDM,156,NA,NA,0,NA,0,NA,NA,NA,NA,NA
1987,10,10,6,1735,1736,1814,1815,PS,1580,NA,39,39,NA,-1,-1,MFR,RDM,156,NA,NA,0,NA,0,NA,NA,NA,NA,NA
1987,10,11,7,1735,1736,1815,1815,PS,1580,NA,40,39,NA,0,-1,MFR,RDM,156,NA,NA,0,NA,0,NA,NA,NA,NA,NA
1987,10,12,1,1740,1736,1821,1815,PS,1580,NA,41,39,NA,6,4,MFR,RDM,156,NA,NA,0,NA,0,NA,NA,NA,NA,NA
1987,10,13,2,1735,1736,1816,1815,PS,1580,NA,41,39,NA,1,-1,MFR,RDM,156,NA,NA,0,NA,0,NA,NA,NA,NA,NA
1987,10,14,3,1745,1736,1822,1815,PS,1580,NA,37,39,NA,7,9,MFR,RDM,156,NA,NA,0,NA,0,NA,NA,NA,NA,NA
1987,10,15,4,1740,1736,1816,1815,PS,1580,NA,36,39,NA,1,4,MFR,RDM,156,NA,NA,0,NA,0,NA,NA,NA,NA,NA
1987,10,16,5,1744,1736,1819,1815,PS,1580,NA,35,39,NA,4,8,MFR,RDM,156,NA,NA,0,NA,0,NA,NA,NA,NA,NA
1987,10,17,6,1733,1736,1816,1815,PS,1580,NA,43,39,NA,1,-3,MFR,RDM,156,NA,NA,0,NA,0,NA,NA,NA,NA,NA
1987,10,18,7,1750,1736,1831,1815,PS,1580,NA,41,39,NA,16,14,MFR,RDM,156,NA,NA,0,NA,0,NA,NA,NA,NA,NA
1987,10,19,1,1736,1736,1814,1815,PS,1580,NA,38,39,NA,-1,0,MFR,RDM,156,NA,NA,0,NA,0,NA,NA,NA,NA,NA
1987,10,20,2,1734,1736,1811,1815,PS,1580,NA,37,39,NA,-4,-2,MFR,RDM,156,NA,NA,0,NA,0,NA,NA,NA,NA,NA
1987,10,21,3,1734,1736,1812,1815,PS,1580,NA,38,39,NA,-3,-2,MFR,RDM,156,NA,NA,0,NA,0,NA,NA,NA,NA,NA
1987,10,22,4,1734,1736,1809,1815,PS,1580,NA,35,39,NA,-6,-2,MFR,RDM,156,NA,NA,0,NA,0,NA,NA,NA,NA,NA
1987,10,24,6,1735,1736,1810,1815,PS,1580,NA,35,39,NA,-5,-1,MFR,RDM,156,NA,NA,0,NA,0,NA,NA,NA,NA,NA
1987,10,25,7,1735,1736,1818,1815,PS,1580,NA,43,39,NA,3,-1,MFR,RDM,156,NA,NA,0,NA,0,NA,NA,NA,NA,NA
1987,10,26,1,1736,1736,1817,1815,PS,1580,NA,41,39,NA,2,0,MFR,RDM,156,NA,NA,0,NA,0,NA,NA,NA,NA,NA
1987,10,27,2,1734,1736,1812,1815,PS,1580,NA,38,39,NA,-3,-2,MFR,RDM,156,NA,NA,0,NA,0,NA,NA,NA,NA,NA
1987,10,28,3,1844,1742,1924,1821,PS,1580,NA,40,39,NA,63,62,MFR,RDM,156,NA,NA,0,NA,0,NA,NA,NA,NA,NA
1987,10,29,4,1813,1742,1850,1821,PS,1580,NA,37,39,NA,29,31,MFR,RDM,156,NA,NA,0,NA,0,NA,NA,NA,NA,NA
1987,10,30,5,1740,1742,1823,1821,PS,1580,NA,43,39,NA,2,-2,MFR,RDM,156,NA,NA,0,NA,0,NA,NA,NA,NA,NA
1987,10,31,6,1823,1742,1902,1821,PS,1580,NA,39,39,NA,41,41,MFR,RDM,156,NA,NA,0,NA,0,NA,NA,NA,NA,NA
1987,10,1,4,1856,1835,2025,2005,PS,1580,NA,89,90,NA,20,21,RDM,SFO,462,NA,NA,0,NA,0,NA,NA,NA,NA,NA
1987,10,2,5,1838,1835,2010,2005,PS,1580,NA,92,90,NA,5,3,RDM,SFO,462,NA,NA,0,NA,0,NA,NA,NA,NA,NA
1987,10,3,6,1851,1835,2020,2005,PS,1580,NA,89,90,NA,15,16,RDM,SFO,462,NA,NA,0,NA,0,NA,NA,NA,NA,NA
1987,10,4,7,1835,1835,2011,2005,PS,1580,NA,96,90,NA,6,0,RDM,SFO,462,NA,NA,0,NA,0,NA,NA,NA,NA,NA
1987,10,5,1,1833,1835,2004,2005,PS,1580,NA,91,90,NA,-1,-2,RDM,SFO,462,NA,NA,0,NA,0,NA,NA,NA,NA,NA
1987,10,6,2,1835,1835,2009,2005,PS,1580,NA,94,90,NA,4,0,RDM,SFO,462,NA,NA,0,NA,0,NA,NA,NA,NA,NA
1987,10,7,3,1833,1835,2001,2005,PS,1580,NA,88,90,NA,-4,-2,RDM,SFO,462,NA,NA,0,NA,0,NA,NA,NA,NA,NA
1987,10,8,4,1848,1835,2026,2005,PS,1580,NA,98,90,NA,21,13,RDM,SFO,462,NA,NA,0,NA,0,NA,NA,NA,NA,NA
1987,10,9,5,1834,1835,2002,2005,PS,1580,NA,88,90,NA,-3,-1,RDM,SFO,462,NA,NA,0,NA,0,NA,NA,NA,NA,NA
1987,10,10,6,1834,1835,1958,2005,PS,1580,NA,84,90,NA,-7,-1,RDM,SFO,462,NA,NA,0,NA,0,NA,NA,NA,NA,NA
1987,10,11,7,1835,1835,2005,2005,PS,1580,NA,90,90,NA,0,0,RDM,SFO,462,NA,NA,0,NA,0,NA,NA,NA,NA,NA
1987,10,12,1,1858,1835,2029,2005,PS,1580,NA,91,90,NA,24,23,RDM,SFO,462,NA,NA,0,NA,0,NA,NA,NA,NA,NA
1987,10,13,2,1837,1835,2000,2005,PS,1580,NA,83,90,NA,-5,2,RDM,SFO,462,NA,NA,0,NA,0,NA,NA,NA,NA,NA
1987,10,14,3,1833,1835,1958,2005,PS,1580,NA,85,90,NA,-7,-2,RDM,SFO,462,NA,NA,0,NA,0,NA,NA,NA,NA,NA
1987,10,15,4,1834,1835,1959,2005,PS,1580,NA,85,90,NA,-6,-1,RDM,SFO,462,NA,NA,0,NA,0,NA,NA,NA,NA,NA
1987,10,16,5,1834,1835,2001,2005,PS,1580,NA,87,90,NA,-4,-1,RDM,SFO,462,NA,NA,0,NA,0,NA,NA,NA,NA,NA
1987,10,17,6,1835,1835,2005,2005,PS,1580,NA,90,90,NA,0,0,RDM,SFO,462,NA,NA,0,NA,0,NA,NA,NA,NA,NA
1987,10,18,7,1839,1835,2002,2005,PS,1580,NA,83,90,NA,-3,4,RDM,SFO,462,NA,NA,0,NA,0,NA,NA,NA,NA,NA
1987,10,19,1,1834,1835,2005,2005,PS,1580,NA,91,90,NA,0,-1,RDM,SFO,462,NA,NA,0,NA,0,NA,NA,NA,NA,NA
1987,10,20,2,1833,1835,2008,2005,PS,1580,NA,95,90,NA,3,-2,RDM,SFO,462,NA,NA,0,NA,0,NA,NA,NA,NA,NA
1987,10,21,3,1832,1835,1958,2005,PS,1580,NA,86,90,NA,-7,-3,RDM,SFO,462,NA,NA,0,NA,0,NA,NA,NA,NA,NA
1987,10,22,4,1840,1835,2037,2005,PS,1580,NA,117,90,NA,32,5,RDM,SFO,462,NA,NA,0,NA,0,NA,NA,NA,NA,NA
1987,10,24,6,1832,1835,2000,2005,PS,1580,NA,88,90,NA,-5,-3,RDM,SFO,462,NA,NA,0,NA,0,NA,NA,NA,NA,NA
1987,10,25,7,1839,1835,2018,2005,PS,1580,NA,99,90,NA,13,4,RDM,SFO,462,NA,NA,0,NA,0,NA,NA,NA,NA,NA
1987,10,26,1,1841,1835,2022,2005,PS,1580,NA,101,90,NA,17,6,RDM,SFO,462,NA,NA,0,NA,0,NA,NA,NA,NA,NA
1987,10,27,2,1844,1835,2038,2005,PS,1580,NA,114,90,NA,33,9,RDM,SFO,462,NA,NA,0,NA,0,NA,NA,NA,NA,NA
1987,10,28,3,1938,1841,2141,2010,PS,1580,NA,123,89,NA,91,57,RDM,SFO,462,NA,NA,0,NA,0,NA,NA,NA,NA,NA
1987,10,29,4,1944,1841,2117,2010,PS,1580,NA,93,89,NA,67,63,RDM,SFO,462,NA,NA,0,NA,0,NA,NA,NA,NA,NA
1987,10,30,5,1858,1841,2035,2010,PS,1580,NA,97,89,NA,25,17,RDM,SFO,462,NA,NA,0,NA,0,NA,NA,NA,NA,NA
1987,10,31,6,1913,1841,2034,2010,PS,1580,NA,81,89,NA,24,32,RDM,SFO,462,NA,NA,0,NA,0,NA,NA,NA,NA,NA
1987,10,28,3,2201,2110,2319,2224,PS,1581,NA,78,74,NA,55,51,SAN,SJC,417,NA,NA,0,NA,0,NA,NA,NA,NA,NA
1987,10,29,4,2128,2110,2238,2224,PS,1581,NA,70,74,NA,14,18,SAN,SJC,417,NA,NA,0,NA,0,NA,NA,NA,NA,NA
1987,10,30,5,2110,2110,2221,2224,PS,1581,NA,71,74,NA,-3,0,SAN,SJC,417,NA,NA,0,NA,0,NA,NA,NA,NA,NA
1987,10,1,4,626,625,749,744,PS,1581,NA,83,79,NA,5,1,SAN,SMF,480,NA,NA,0,NA,0,NA,NA,NA,NA,NA
1987,10,2,5,625,625,808,744,PS,1581,NA,103,79,NA,24,0,SAN,SMF,480,NA,NA,0,NA,0,NA,NA,NA,NA,NA
1987,10,5,1,625,625,743,744,PS,1581,NA,78,79,NA,-1,0,SAN,SMF,480,NA,NA,0,NA,0,NA,NA,NA,NA,NA
1987,10,6,2,627,625,743,744,PS,1581,NA,76,79,NA,-1,2,SAN,SMF,480,NA,NA,0,NA,0,NA,NA,NA,NA,NA
1987,10,8,4,624,625,747,744,PS,1581,NA,83,79,NA,3,-1,SAN,SMF,480,NA,NA,0,NA,0,NA,NA,NA,NA,NA
1987,10,9,5,625,625,745,744,PS,1581,NA,80,79,NA,1,0,SAN,SMF,480,NA,NA,0,NA,0,NA,NA,NA,NA,NA
1987,10,12,1,625,625,740,744,PS,1581,NA,75,79,NA,-4,0,SAN,SMF,480,NA,NA,0,NA,0,NA,NA,NA,NA,NA
1987,10,13,2,626,625,748,744,PS,1581,NA,82,79,NA,4,1,SAN,SMF,480,NA,NA,0,NA,0,NA,NA,NA,NA,NA
1987,10,14,3,627,625,751,744,PS,1581,NA,84,79,NA,7,2,SAN,SMF,480,NA,NA,0,NA,0,NA,NA,NA,NA,NA
1987,10,15,4,626,625,753,744,PS,1581,NA,87,79,NA,9,1,SAN,SMF,480,NA,NA,0,NA,0,NA,NA,NA,NA,NA
1987,10,19,1,627,625,746,744,PS,1581,NA,79,79,NA,2,2,SAN,SMF,480,NA,NA,0,NA,0,NA,NA,NA,NA,NA
1987,10,20,2,626,625,747,744,PS,1581,NA,81,79,NA,3,1,SAN,SMF,480,NA,NA,0,NA,0,NA,NA,NA,NA,NA
1987,10,21,3,636,625,759,744,PS,1581,NA,83,79,NA,15,11,SAN,SMF,480,NA,NA,0,NA,0,NA,NA,NA,NA,NA
1987,10,22,4,623,625,743,744,PS,1581,NA,80,79,NA,-1,-2,SAN,SMF,480,NA,NA,0,NA,0,NA,NA,NA,NA,NA
1987,10,23,5,627,625,747,744,PS,1581,NA,80,79,NA,3,2,SAN,SMF,480,NA,NA,0,NA,0,NA,NA,NA,NA,NA
1987,10,26,1,624,625,746,744,PS,1581,NA,82,79,NA,2,-1,SAN,SMF,480,NA,NA,0,NA,0,NA,NA,NA,NA,NA
1987,10,1,4,1114,1115,1239,1234,PS,1583,NA,85,79,NA,5,-1,SAN,SMF,480,NA,NA,0,NA,0,NA,NA,NA,NA,NA
1987,10,2,5,1137,1115,1305,1234,PS,1583,NA,88,79,NA,31,22,SAN,SMF,480,NA,NA,0,NA,0,NA,NA,NA,NA,NA
1987,10,3,6,1114,1115,1235,1234,PS,1583,NA,81,79,NA,1,-1,SAN,SMF,480,NA,NA,0,NA,0,NA,NA,NA,NA,NA
1987,10,4,7,1115,1115,1237,1234,PS,1583,NA,82,79,NA,3,0,SAN,SMF,480,NA,NA,0,NA,0,NA,NA,NA,NA,NA
1987,10,5,1,1116,1115,1234,1234,PS,1583,NA,78,79,NA,0,1,SAN,SMF,480,NA,NA,0,NA,0,NA,NA,NA,NA,NA
1987,10,6,2,1150,1115,1310,1234,PS,1583,NA,80,79,NA,36,35,SAN,SMF,480,NA,NA,0,NA,0,NA,NA,NA,NA,NA
1987,10,7,3,1114,1115,1237,1234,PS,1583,NA,83,79,NA,3,-1,SAN,SMF,480,NA,NA,0,NA,0,NA,NA,NA,NA,NA
1987,10,8,4,1114,1115,1231,1234,PS,1583,NA,77,79,NA,-3,-1,SAN,SMF,480,NA,NA,0,NA,0,NA,NA,NA,NA,NA
1987,10,9,5,1117,1115,1236,1234,PS,1583,NA,79,79,NA,2,2,SAN,SMF,480,NA,NA,0,NA,0,NA,NA,NA,NA,NA
1987,10,10,6,1113,1115,1233,1234,PS,1583,NA,80,79,NA,-1,-2,SAN,SMF,480,NA,NA,0,NA,0,NA,NA,NA,NA,NA
1987,10,11,7,1114,1115,1233,1234,PS,1583,NA,79,79,NA,-1,-1,SAN,SMF,480,NA,NA,0,NA,0,NA,NA,NA,NA,NA
1987,10,12,1,1118,1115,1235,1234,PS,1583,NA,77,79,NA,1,3,SAN,SMF,480,NA,NA,0,NA,0,NA,NA,NA,NA,NA
1987,10,13,2,1115,1115,1239,1234,PS,1583,NA,84,79,NA,5,0,SAN,SMF,480,NA,NA,0,NA,0,NA,NA,NA,NA,NA
1987,10,14,3,1114,1115,1235,1234,PS,1583,NA,81,79,NA,1,-1,SAN,SMF,480,NA,NA,0,NA,0,NA,NA,NA,NA,NA
1987,10,15,4,1130,1115,1245,1234,PS,1583,NA,75,79,NA,11,15,SAN,SMF,480,NA,NA,0,NA,0,NA,NA,NA,NA,NA
1987,10,16,5,1114,1115,1234,1234,PS,1583,NA,80,79,NA,0,-1,SAN,SMF,480,NA,NA,0,NA,0,NA,NA,NA,NA,NA
1987,10,17,6,1114,1115,1230,1234,PS,1583,NA,76,79,NA,-4,-1,SAN,SMF,480,NA,NA,0,NA,0,NA,NA,NA,NA,NA
1987,10,18,7,1114,1115,1236,1234,PS,1583,NA,82,79,NA,2,-1,SAN,SMF,480,NA,NA,0,NA,0,NA,NA,NA,NA,NA
1987,10,19,1,1113,1115,1233,1234,PS,1583,NA,80,79,NA,-1,-2,SAN,SMF,480,NA,NA,0,NA,0,NA,NA,NA,NA,NA
1987,10,20,2,1118,1115,1230,1234,PS,1583,NA,72,79,NA,-4,3,SAN,SMF,480,NA,NA,0,NA,0,NA,NA,NA,NA,NA
1987,10,21,3,1117,1115,1233,1234,PS,1583,NA,76,79,NA,-1,2,SAN,SMF,480,NA,NA,0,NA,0,NA,NA,NA,NA,NA
1987,10,22,4,1128,1115,1248,1234,PS,1583,NA,80,79,NA,14,13,SAN,SMF,480,NA,NA,0,NA,0,NA,NA,NA,NA,NA
1987,10,23,5,1114,1115,1240,1234,PS,1583,NA,86,79,NA,6,-1,SAN,SMF,480,NA,NA,0,NA,0,NA,NA,NA,NA,NA
1987,10,24,6,1114,1115,1232,1234,PS,1583,NA,78,79,NA,-2,-1,SAN,SMF,480,NA,NA,0,NA,0,NA,NA,NA,NA,NA
1987,10,25,7,1115,1115,1231,1234,PS,1583,NA,76,79,NA,-3,0,SAN,SMF,480,NA,NA,0,NA,0,NA,NA,NA,NA,NA
1987,10,26,1,1114,1115,1231,1234,PS,1583,NA,77,79,NA,-3,-1,SAN,SMF,480,NA,NA,0,NA,0,NA,NA,NA,NA,NA
1987,10,27,2,1124,1115,1239,1234,PS,1583,NA,75,79,NA,5,9,SAN,SMF,480,NA,NA,0,NA,0,NA,NA,NA,NA,NA
1987,10,28,3,1117,1115,1242,1239,PS,1583,NA,85,84,NA,3,2,SAN,SMF,480,NA,NA,0,NA,0,NA,NA,NA,NA,NA
1987,10,29,4,1116,1115,1243,1239,PS,1583,NA,87,84,NA,4,1,SAN,SMF,480,NA,NA,0,NA,0,NA,NA,NA,NA,NA
1987,10,31,6,1148,1115,1308,1239,PS,1583,NA,80,84,NA,29,33,SAN,SMF,480,NA,NA,0,NA,0,NA,NA,NA,NA,NA
1987,10,31,6,1331,1309,1452,1423,PS,1584,NA,81,74,NA,29,22,SMF,SAN,480,NA,NA,0,NA,0,NA,NA,NA,NA,NA
1987,10,1,4,1436,1435,1526,1527,PS,1585,NA,50,52,NA,-1,1,LAS,SAN,258,NA,NA,0,NA,0,NA,NA,NA,NA,NA
1987,10,2,5,1436,1435,1529,1527,PS,1585,NA,53,52,NA,2,1,LAS,SAN,258,NA,NA,0,NA,0,NA,NA,NA,NA,NA
1987,10,3,6,1434,1435,1525,1527,PS,1585,NA,51,52,NA,-2,-1,LAS,SAN,258,NA,NA,0,NA,0,NA,NA,NA,NA,NA
1987,10,5,1,1444,1435,1536,1527,PS,1585,NA,52,52,NA,9,9,LAS,SAN,258,NA,NA,0,NA,0,NA,NA,NA,NA,NA
1987,10,6,2,1435,1435,1527,1527,PS,1585,NA,52,52,NA,0,0,LAS,SAN,258,NA,NA,0,NA,0,NA,NA,NA,NA,NA
1987,10,7,3,1500,1435,1551,1527,PS,1585,NA,51,52,NA,24,25,LAS,SAN,258,NA,NA,0,NA,0,NA,NA,NA,NA,NA
1987,10,8,4,1448,1435,1540,1527,PS,1585,NA,52,52,NA,13,13,LAS,SAN,258,NA,NA,0,NA,0,NA,NA,NA,NA,NA
1987,10,9,5,1445,1435,1536,1527,PS,1585,NA,51,52,NA,9,10,LAS,SAN,258,NA,NA,0,NA,0,NA,NA,NA,NA,NA
1987,10,10,6,1439,1435,1531,1527,PS,1585,NA,52,52,NA,4,4,LAS,SAN,258,NA,NA,0,NA,0,NA,NA,NA,NA,NA
1987,10,12,1,1510,1435,1610,1527,PS,1585,NA,60,52,NA,43,35,LAS,SAN,258,NA,NA,0,NA,0,NA,NA,NA,NA,NA
1987,10,13,2,1444,1435,1534,1527,PS,1585,NA,50,52,NA,7,9,LAS,SAN,258,NA,NA,0,NA,0,NA,NA,NA,NA,NA
1987,10,14,3,1435,1435,1524,1527,PS,1585,NA,49,52,NA,-3,0,LAS,SAN,258,NA,NA,0,NA,0,NA,NA,NA,NA,NA
1987,10,16,5,1510,1435,1602,1527,PS,1585,NA,52,52,NA,35,35,LAS,SAN,258,NA,NA,0,NA,0,NA,NA,NA,NA,NA
1987,10,17,6,1454,1435,1546,1527,PS,1585,NA,52,52,NA,19,19,LAS,SAN,258,NA,NA,0,NA,0,NA,NA,NA,NA,NA
1987,10,18,7,1447,1435,1555,1527,PS,1585,NA,68,52,NA,28,12,LAS,SAN,258,NA,NA,0,NA,0,NA,NA,NA,NA,NA
1987,10,19,1,1444,1435,1534,1527,PS,1585,NA,50,52,NA,7,9,LAS,SAN,258,NA,NA,0,NA,0,NA,NA,NA,NA,NA
1987,10,20,2,1434,1435,1525,1527,PS,1585,NA,51,52,NA,-2,-1,LAS,SAN,258,NA,NA,0,NA,0,NA,NA,NA,NA,NA
1987,10,21,3,1434,1435,1528,1527,PS,1585,NA,54,52,NA,1,-1,LAS,SAN,258,NA,NA,0,NA,0,NA,NA,NA,NA,NA
1987,10,22,4,1515,1435,1622,1527,PS,1585,NA,67,52,NA,55,40,LAS,SAN,258,NA,NA,0,NA,0,NA,NA,NA,NA,NA
1987,10,23,5,1501,1435,1555,1527,PS,1585,NA,54,52,NA,28,26,LAS,SAN,258,NA,NA,0,NA,0,NA,NA,NA,NA,NA
1987,10,24,6,1456,1435,1548,1527,PS,1585,NA,52,52,NA,21,21,LAS,SAN,258,NA,NA,0,NA,0,NA,NA,NA,NA,NA
1987,10,25,7,1445,1435,1540,1527,PS,1585,NA,55,52,NA,13,10,LAS,SAN,258,NA,NA,0,NA,0,NA,NA,NA,NA,NA
1987,10,26,1,1442,1435,1535,1527,PS,1585,NA,53,52,NA,8,7,LAS,SAN,258,NA,NA,0,NA,0,NA,NA,NA,NA,NA
1987,10,27,2,1435,1435,1529,1527,PS,1585,NA,54,52,NA,2,0,LAS,SAN,258,NA,NA,0,NA,0,NA,NA,NA,NA,NA
1987,10,28,3,1443,1442,1536,1535,PS,1585,NA,53,53,NA,1,1,LAS,SAN,258,NA,NA,0,NA,0,NA,NA,NA,NA,NA
1987,10,29,4,1508,1442,1603,1535,PS,1585,NA,55,53,NA,28,26,LAS,SAN,258,NA,NA,0,NA,0,NA,NA,NA,NA,NA
1987,10,30,5,1441,1442,1530,1535,PS,1585,NA,49,53,NA,-5,-1,LAS,SAN,258,NA,NA,0,NA,0,NA,NA,NA,NA,NA
1987,10,31,6,1522,1442,1627,1535,PS,1585,NA,65,53,NA,52,40,LAS,SAN,258,NA,NA,0,NA,0,NA,NA,NA,NA,NA
1987,10,1,4,1558,1557,1725,1715,PS,1585,NA,87,78,NA,10,1,SAN,SMF,480,NA,NA,0,NA,0,NA,NA,NA,NA,NA
1987,10,2,5,1557,1557,1714,1715,PS,1585,NA,77,78,NA,-1,0,SAN,SMF,480,NA,NA,0,NA,0,NA,NA,NA,NA,NA
1987,10,3,6,1557,1557,1716,1715,PS,1585,NA,79,78,NA,1,0,SAN,SMF,480,NA,NA,0,NA,0,NA,NA,NA,NA,NA
1987,10,5,1,1558,1557,1711,1715,PS,1585,NA,73,78,NA,-4,1,SAN,SMF,480,NA,NA,0,NA,0,NA,NA,NA,NA,NA
1987,10,6,2,1556,1557,1712,1715,PS,1585,NA,76,78,NA,-3,-1,SAN,SMF,480,NA,NA,0,NA,0,NA,NA,NA,NA,NA
1987,10,7,3,1604,1557,1737,1715,PS,1585,NA,93,78,NA,22,7,SAN,SMF,480,NA,NA,0,NA,0,NA,NA,NA,NA,NA
1987,10,8,4,1601,1557,1723,1715,PS,1585,NA,82,78,NA,8,4,SAN,SMF,480,NA,NA,0,NA,0,NA,NA,NA,NA,NA
1987,10,9,5,1607,1557,1733,1715,PS,1585,NA,86,78,NA,18,10,SAN,SMF,480,NA,NA,0,NA,0,NA,NA,NA,NA,NA
1987,10,10,6,1556,1557,1711,1715,PS,1585,NA,75,78,NA,-4,-1,SAN,SMF,480,NA,NA,0,NA,0,NA,NA,NA,NA,NA
1987,10,12,1,1629,1557,1747,1715,PS,1585,NA,78,78,NA,32,32,SAN,SMF,480,NA,NA,0,NA,0,NA,NA,NA,NA,NA
1987,10,13,2,1557,1557,1722,1715,PS,1585,NA,85,78,NA,7,0,SAN,SMF,480,NA,NA,0,NA,0,NA,NA,NA,NA,NA
1987,10,14,3,1555,1557,1722,1715,PS,1585,NA,87,78,NA,7,-2,SAN,SMF,480,NA,NA,0,NA,0,NA,NA,NA,NA,NA
1987,10,16,5,1629,1557,1753,1715,PS,1585,NA,84,78,NA,38,32,SAN,SMF,480,NA,NA,0,NA,0,NA,NA,NA,NA,NA
1987,10,17,6,1607,1557,1723,1715,PS,1585,NA,76,78,NA,8,10,SAN,SMF,480,NA,NA,0,NA,0,NA,NA,NA,NA,NA
1987,10,18,7,1615,1557,1736,1715,PS,1585,NA,81,78,NA,21,18,SAN,SMF,480,NA,NA,0,NA,0,NA,NA,NA,NA,NA
1987,10,20,2,1556,1557,1709,1715,PS,1585,NA,73,78,NA,-6,-1,SAN,SMF,480,NA,NA,0,NA,0,NA,NA,NA,NA,NA
1987,10,21,3,1555,1557,1715,1715,PS,1585,NA,80,78,NA,0,-2,SAN,SMF,480,NA,NA,0,NA,0,NA,NA,NA,NA,NA
1987,10,22,4,1642,1557,1805,1715,PS,1585,NA,83,78,NA,50,45,SAN,SMF,480,NA,NA,0,NA,0,NA,NA,NA,NA,NA
1987,10,23,5,1621,1557,1742,1715,PS,1585,NA,81,78,NA,27,24,SAN,SMF,480,NA,NA,0,NA,0,NA,NA,NA,NA,NA
1987,10,24,6,1604,1557,1721,1715,PS,1585,NA,77,78,NA,6,7,SAN,SMF,480,NA,NA,0,NA,0,NA,NA,NA,NA,NA
1987,10,25,7,1601,1557,1721,1715,PS,1585,NA,80,78,NA,6,4,SAN,SMF,480,NA,NA,0,NA,0,NA,NA,NA,NA,NA
1987,10,26,1,1556,1557,1717,1715,PS,1585,NA,81,78,NA,2,-1,SAN,SMF,480,NA,NA,0,NA,0,NA,NA,NA,NA,NA
1987,10,27,2,1556,1557,1716,1715,PS,1585,NA,80,78,NA,1,-1,SAN,SMF,480,NA,NA,0,NA,0,NA,NA,NA,NA,NA
1987,10,28,3,1605,1605,1722,1728,PS,1585,NA,77,83,NA,-6,0,SAN,SMF,480,NA,NA,0,NA,0,NA,NA,NA,NA,NA
1987,10,29,4,1626,1605,1751,1728,PS,1585,NA,85,83,NA,23,21,SAN,SMF,480,NA,NA,0,NA,0,NA,NA,NA,NA,NA
1987,10,30,5,1602,1605,1719,1728,PS,1585,NA,77,83,NA,-9,-3,SAN,SMF,480,NA,NA,0,NA,0,NA,NA,NA,NA,NA
1987,10,31,6,1711,1605,1841,1728,PS,1585,NA,90,83,NA,73,66,SAN,SMF,480,NA,NA,0,NA,0,NA,NA,NA,NA,NA
1987,10,1,4,840,840,959,956,PS,1586,NA,79,76,NA,3,0,SMF,SAN,480,NA,NA,0,NA,0,NA,NA,NA,NA,NA
1987,10,2,5,839,840,1008,956,PS,1586,NA,89,76,NA,12,-1,SMF,SAN,480,NA,NA,0,NA,0,NA,NA,NA,NA,NA
1987,10,5,1,841,840,958,956,PS,1586,NA,77,76,NA,2,1,SMF,SAN,480,NA,NA,0,NA,0,NA,NA,NA,NA,NA
1987,10,6,2,851,840,1009,956,PS,1586,NA,78,76,NA,13,11,SMF,SAN,480,NA,NA,0,NA,0,NA,NA,NA,NA,NA
1987,10,7,3,840,840,958,956,PS,1586,NA,78,76,NA,2,0,SMF,SAN,480,NA,NA,0,NA,0,NA,NA,NA,NA,NA
1987,10,8,4,840,840,958,956,PS,1586,NA,78,76,NA,2,0,SMF,SAN,480,NA,NA,0,NA,0,NA,NA,NA,NA,NA
1987,10,9,5,839,840,958,956,PS,1586,NA,79,76,NA,2,-1,SMF,SAN,480,NA,NA,0,NA,0,NA,NA,NA,NA,NA
1987,10,13,2,856,840,1009,956,PS,1586,NA,73,76,NA,13,16,SMF,SAN,480,NA,NA,0,NA,0,NA,NA,NA,NA,NA
1987,10,14,3,847,840,1003,956,PS,1586,NA,76,76,NA,7,7,SMF,SAN,480,NA,NA,0,NA,0,NA,NA,NA,NA,NA
1987,10,15,4,840,840,957,956,PS,1586,NA,77,76,NA,1,0,SMF,SAN,480,NA,NA,0,NA,0,NA,NA,NA,NA,NA
1987,10,16,5,840,840,959,956,PS,1586,NA,79,76,NA,3,0,SMF,SAN,480,NA,NA,0,NA,0,NA,NA,NA,NA,NA
1987,10,19,1,842,840,1001,956,PS,1586,NA,79,76,NA,5,2,SMF,SAN,480,NA,NA,0,NA,0,NA,NA,NA,NA,NA
1987,10,20,2,839,840,1000,956,PS,1586,NA,81,76,NA,4,-1,SMF,SAN,480,NA,NA,0,NA,0,NA,NA,NA,NA,NA
1987,10,21,3,840,840,1003,956,PS,1586,NA,83,76,NA,7,0,SMF,SAN,480,NA,NA,0,NA,0,NA,NA,NA,NA,NA
1987,10,22,4,841,840,1006,956,PS,1586,NA,85,76,NA,10,1,SMF,SAN,480,NA,NA,0,NA,0,NA,NA,NA,NA,NA
1987,10,23,5,841,840,1002,956,PS,1586,NA,81,76,NA,6,1,SMF,SAN,480,NA,NA,0,NA,0,NA,NA,NA,NA,NA
1987,10,26,1,840,840,959,956,PS,1586,NA,79,76,NA,3,0,SMF,SAN,480,NA,NA,0,NA,0,NA,NA,NA,NA,NA
1987,10,27,2,842,840,1004,956,PS,1586,NA,82,76,NA,8,2,SMF,SAN,480,NA,NA,0,NA,0,NA,NA,NA,NA,NA
1987,10,28,3,849,850,1010,1004,PS,1586,NA,81,74,NA,6,-1,SMF,SAN,480,NA,NA,0,NA,0,NA,NA,NA,NA,NA
1987,10,30,5,849,850,1011,1004,PS,1586,NA,82,74,NA,7,-1,SMF,SAN,480,NA,NA,0,NA,0,NA,NA,NA,NA,NA
1987,10,1,4,2124,2125,2238,2235,PS,1587,NA,74,70,NA,3,-1,SAN,SJC,417,NA,NA,0,NA,0,NA,NA,NA,NA,NA
1987,10,4,7,2146,2125,2259,2235,PS,1587,NA,73,70,NA,24,21,SAN,SJC,417,NA,NA,0,NA,0,NA,NA,NA,NA,NA
1987,10,5,1,2141,2125,2319,2235,PS,1587,NA,98,70,NA,44,16,SAN,SJC,417,NA,NA,0,NA,0,NA,NA,NA,NA,NA
1987,10,6,2,2129,2125,2238,2235,PS,1587,NA,69,70,NA,3,4,SAN,SJC,417,NA,NA,0,NA,0,NA,NA,NA,NA,NA
1987,10,7,3,2124,2125,2237,2235,PS,1587,NA,73,70,NA,2,-1,SAN,SJC,417,NA,NA,0,NA,0,NA,NA,NA,NA,NA
1987,10,8,4,2124,2125,2235,2235,PS,1587,NA,71,70,NA,0,-1,SAN,SJC,417,NA,NA,0,NA,0,NA,NA,NA,NA,NA
1987,10,9,5,2141,2125,2250,2235,PS,1587,NA,69,70,NA,15,16,SAN,SJC,417,NA,NA,0,NA,0,NA,NA,NA,NA,NA
1987,10,11,7,2138,2125,2247,2235,PS,1587,NA,69,70,NA,12,13,SAN,SJC,417,NA,NA,0,NA,0,NA,NA,NA,NA,NA
1987,10,12,1,2131,2125,2246,2235,PS,1587,NA,75,70,NA,11,6,SAN,SJC,417,NA,NA,0,NA,0,NA,NA,NA,NA,NA
1987,10,13,2,2126,2125,2244,2235,PS,1587,NA,78,70,NA,9,1,SAN,SJC,417,NA,NA,0,NA,0,NA,NA,NA,NA,NA
1987,10,14,3,2124,2125,2237,2235,PS,1587,NA,73,70,NA,2,-1,SAN,SJC,417,NA,NA,0,NA,0,NA,NA,NA,NA,NA
1987,10,15,4,2124,2125,2238,2235,PS,1587,NA,74,70,NA,3,-1,SAN,SJC,417,NA,NA,0,NA,0,NA,NA,NA,NA,NA
1987,10,16,5,2223,2125,2330,2235,PS,1587,NA,67,70,NA,55,58,SAN,SJC,417,NA,NA,0,NA,0,NA,NA,NA,NA,NA
1987,10,18,7,2125,2125,2237,2235,PS,1587,NA,72,70,NA,2,0,SAN,SJC,417,NA,NA,0,NA,0,NA,NA,NA,NA,NA
1987,10,20,2,2123,2125,2228,2235,PS,1587,NA,65,70,NA,-7,-2,SAN,SJC,417,NA,NA,0,NA,0,NA,NA,NA,NA,NA
1987,10,21,3,2123,2125,2233,2235,PS,1587,NA,70,70,NA,-2,-2,SAN,SJC,417,NA,NA,0,NA,0,NA,NA,NA,NA,NA
1987,10,22,4,2152,2125,2303,2235,PS,1587,NA,71,70,NA,28,27,SAN,SJC,417,NA,NA,0,NA,0,NA,NA,NA,NA,NA
1987,10,23,5,2202,2125,2317,2235,PS,1587,NA,75,70,NA,42,37,SAN,SJC,417,NA,NA,0,NA,0,NA,NA,NA,NA,NA
1987,10,25,7,2125,2125,2233,2235,PS,1587,NA,68,70,NA,-2,0,SAN,SJC,417,NA,NA,0,NA,0,NA,NA,NA,NA,NA
1987,10,26,1,2127,2125,2235,2235,PS,1587,NA,68,70,NA,0,2,SAN,SJC,417,NA,NA,0,NA,0,NA,NA,NA,NA,NA
1987,10,27,2,2124,2125,2240,2235,PS,1587,NA,76,70,NA,5,-1,SAN,SJC,417,NA,NA,0,NA,0,NA,NA,NA,NA,NA
1987,10,28,3,627,625,754,750,PS,1587,NA,87,85,NA,4,2,SAN,SMF,480,NA,NA,0,NA,0,NA,NA,NA,NA,NA
1987,10,1,4,1635,1626,1740,1722,PS,1588,NA,65,56,NA,18,9,SAN,LAS,258,NA,NA,0,NA,0,NA,NA,NA,NA,NA
1987,10,2,5,1625,1626,1731,1722,PS,1588,NA,66,56,NA,9,-1,SAN,LAS,258,NA,NA,0,NA,0,NA,NA,NA,NA,NA
1987,10,3,6,1639,1626,1737,1722,PS,1588,NA,58,56,NA,15,13,SAN,LAS,258,NA,NA,0,NA,0,NA,NA,NA,NA,NA
1987,10,4,7,1627,1626,1726,1722,PS,1588,NA,59,56,NA,4,1,SAN,LAS,258,NA,NA,0,NA,0,NA,NA,NA,NA,NA
1987,10,5,1,1625,1626,1727,1722,PS,1588,NA,62,56,NA,5,-1,SAN,LAS,258,NA,NA,0,NA,0,NA,NA,NA,NA,NA
1987,10,6,2,1626,1626,1729,1722,PS,1588,NA,63,56,NA,7,0,SAN,LAS,258,NA,NA,0,NA,0,NA,NA,NA,NA,NA
1987,10,7,3,1625,1626,1730,1722,PS,1588,NA,65,56,NA,8,-1,SAN,LAS,258,NA,NA,0,NA,0,NA,NA,NA,NA,NA
1987,10,8,4,1626,1626,1734,1722,PS,1588,NA,68,56,NA,12,0,SAN,LAS,258,NA,NA,0,NA,0,NA,NA,NA,NA,NA
1987,10,9,5,1640,1626,1738,1722,PS,1588,NA,58,56,NA,16,14,SAN,LAS,258,NA,NA,0,NA,0,NA,NA,NA,NA,NA
1987,10,10,6,1625,1626,1717,1722,PS,1588,NA,52,56,NA,-5,-1,SAN,LAS,258,NA,NA,0,NA,0,NA,NA,NA,NA,NA
1987,10,11,7,1630,1626,1728,1722,PS,1588,NA,58,56,NA,6,4,SAN,LAS,258,NA,NA,0,NA,0,NA,NA,NA,NA,NA
1987,10,12,1,1628,1626,1725,1722,PS,1588,NA,57,56,NA,3,2,SAN,LAS,258,NA,NA,0,NA,0,NA,NA,NA,NA,NA
1987,10,13,2,1625,1626,1725,1722,PS,1588,NA,60,56,NA,3,-1,SAN,LAS,258,NA,NA,0,NA,0,NA,NA,NA,NA,NA
1987,10,14,3,1625,1626,1727,1722,PS,1588,NA,62,56,NA,5,-1,SAN,LAS,258,NA,NA,0,NA,0,NA,NA,NA,NA,NA
1987,10,17,6,1701,1626,1802,1722,PS,1588,NA,61,56,NA,40,35,SAN,LAS,258,NA,NA,0,NA,0,NA,NA,NA,NA,NA
1987,10,18,7,1627,1626,1729,1722,PS,1588,NA,62,56,NA,7,1,SAN,LAS,258,NA,NA,0,NA,0,NA,NA,NA,NA,NA
1987,10,19,1,1630,1626,1726,1722,PS,1588,NA,56,56,NA,4,4,SAN,LAS,258,NA,NA,0,NA,0,NA,NA,NA,NA,NA
1987,10,20,2,1625,1626,1722,1722,PS,1588,NA,57,56,NA,0,-1,SAN,LAS,258,NA,NA,0,NA,0,NA,NA,NA,NA,NA
1987,10,21,3,1625,1626,1723,1722,PS,1588,NA,58,56,NA,1,-1,SAN,LAS,258,NA,NA,0,NA,0,NA,NA,NA,NA,NA
1987,10,22,4,1625,1626,1726,1722,PS,1588,NA,61,56,NA,4,-1,SAN,LAS,258,NA,NA,0,NA,0,NA,NA,NA,NA,NA
1987,10,23,5,1645,1626,1740,1722,PS,1588,NA,55,56,NA,18,19,SAN,LAS,258,NA,NA,0,NA,0,NA,NA,NA,NA,NA
1987,10,24,6,1627,1626,1728,1722,PS,1588,NA,61,56,NA,6,1,SAN,LAS,258,NA,NA,0,NA,0,NA,NA,NA,NA,NA
1987,10,25,7,1626,1626,1725,1722,PS,1588,NA,59,56,NA,3,0,SAN,LAS,258,NA,NA,0,NA,0,NA,NA,NA,NA,NA
1987,10,26,1,1626,1626,1725,1722,PS,1588,NA,59,56,NA,3,0,SAN,LAS,258,NA,NA,0,NA,0,NA,NA,NA,NA,NA
1987,10,27,2,1625,1626,1722,1722,PS,1588,NA,57,56,NA,0,-1,SAN,LAS,258,NA,NA,0,NA,0,NA,NA,NA,NA,NA
1987,10,1,4,1459,1440,1622,1601,PS,1588,NA,83,81,NA,21,19,SMF,SAN,480,NA,NA,0,NA,0,NA,NA,NA,NA,NA
1987,10,2,5,1439,1440,1602,1601,PS,1588,NA,83,81,NA,1,-1,SMF,SAN,480,NA,NA,0,NA,0,NA,NA,NA,NA,NA
1987,10,4,7,1440,1440,1604,1601,PS,1588,NA,84,81,NA,3,0,SMF,SAN,480,NA,NA,0,NA,0,NA,NA,NA,NA,NA
1987,10,5,1,1438,1440,1604,1601,PS,1588,NA,86,81,NA,3,-2,SMF,SAN,480,NA,NA,0,NA,0,NA,NA,NA,NA,NA
1987,10,6,2,1440,1440,1610,1601,PS,1588,NA,90,81,NA,9,0,SMF,SAN,480,NA,NA,0,NA,0,NA,NA,NA,NA,NA
1987,10,7,3,1439,1440,1603,1601,PS,1588,NA,84,81,NA,2,-1,SMF,SAN,480,NA,NA,0,NA,0,NA,NA,NA,NA,NA
1987,10,8,4,1440,1440,1607,1601,PS,1588,NA,87,81,NA,6,0,SMF,SAN,480,NA,NA,0,NA,0,NA,NA,NA,NA,NA
1987,10,9,5,1448,1440,1610,1601,PS,1588,NA,82,81,NA,9,8,SMF,SAN,480,NA,NA,0,NA,0,NA,NA,NA,NA,NA
1987,10,11,7,1444,1440,1615,1601,PS,1588,NA,91,81,NA,14,4,SMF,SAN,480,NA,NA,0,NA,0,NA,NA,NA,NA,NA
1987,10,12,1,1439,1440,1606,1601,PS,1588,NA,87,81,NA,5,-1,SMF,SAN,480,NA,NA,0,NA,0,NA,NA,NA,NA,NA
1987,10,13,2,1439,1440,1601,1601,PS,1588,NA,82,81,NA,0,-1,SMF,SAN,480,NA,NA,0,NA,0,NA,NA,NA,NA,NA
1987,10,14,3,1444,1440,1605,1601,PS,1588,NA,81,81,NA,4,4,SMF,SAN,480,NA,NA,0,NA,0,NA,NA,NA,NA,NA
1987,10,16,5,1452,1440,1621,1601,PS,1588,NA,89,81,NA,20,12,SMF,SAN,480,NA,NA,0,NA,0,NA,NA,NA,NA,NA
1987,10,18,7,1442,1440,1604,1601,PS,1588,NA,82,81,NA,3,2,SMF,SAN,480,NA,NA,0,NA,0,NA,NA,NA,NA,NA
1987,10,19,1,1440,1440,1603,1601,PS,1588,NA,83,81,NA,2,0,SMF,SAN,480,NA,NA,0,NA,0,NA,NA,NA,NA,NA
1987,10,20,2,1439,1440,1601,1601,PS,1588,NA,82,81,NA,0,-1,SMF,SAN,480,NA,NA,0,NA,0,NA,NA,NA,NA,NA
1987,10,21,3,1440,1440,1603,1601,PS,1588,NA,83,81,NA,2,0,SMF,SAN,480,NA,NA,0,NA,0,NA,NA,NA,NA,NA
1987,10,22,4,1439,1440,1608,1601,PS,1588,NA,89,81,NA,7,-1,SMF,SAN,480,NA,NA,0,NA,0,NA,NA,NA,NA,NA
1987,10,23,5,1500,1440,1625,1601,PS,1588,NA,85,81,NA,24,20,SMF,SAN,480,NA,NA,0,NA,0,NA,NA,NA,NA,NA
1987,10,25,7,1439,1440,1607,1601,PS,1588,NA,88,81,NA,6,-1,SMF,SAN,480,NA,NA,0,NA,0,NA,NA,NA,NA,NA
1987,10,26,1,1439,1440,1606,1601,PS,1588,NA,87,81,NA,5,-1,SMF,SAN,480,NA,NA,0,NA,0,NA,NA,NA,NA,NA
1987,10,27,2,1440,1440,1608,1601,PS,1588,NA,88,81,NA,7,0,SMF,SAN,480,NA,NA,0,NA,0,NA,NA,NA,NA,NA
1987,10,28,3,1506,1507,1639,1626,PS,1588,NA,93,79,NA,13,-1,SMF,SAN,480,NA,NA,0,NA,0,NA,NA,NA,NA,NA
1987,10,29,4,1506,1507,1632,1626,PS,1588,NA,86,79,NA,6,-1,SMF,SAN,480,NA,NA,0,NA,0,NA,NA,NA,NA,NA
1987,10,30,5,1506,1507,1637,1626,PS,1588,NA,91,79,NA,11,-1,SMF,SAN,480,NA,NA,0,NA,0,NA,NA,NA,NA,NA
1987,10,1,4,2036,2035,2204,2157,PS,1589,NA,88,82,NA,7,1,SAN,SMF,480,NA,NA,0,NA,0,NA,NA,NA,NA,NA
1987,10,2,5,2043,2035,2211,2157,PS,1589,NA,88,82,NA,14,8,SAN,SMF,480,NA,NA,0,NA,0,NA,NA,NA,NA,NA
1987,10,4,7,2055,2035,2218,2157,PS,1589,NA,83,82,NA,21,20,SAN,SMF,480,NA,NA,0,NA,0,NA,NA,NA,NA,NA
1987,10,5,1,NA,2035,NA,2157,PS,1589,NA,NA,82,NA,NA,NA,SAN,SMF,480,NA,NA,1,NA,0,NA,NA,NA,NA,NA
1987,10,6,2,2033,2035,2155,2157,PS,1589,NA,82,82,NA,-2,-2,SAN,SMF,480,NA,NA,0,NA,0,NA,NA,NA,NA,NA
1987,10,7,3,2035,2035,2158,2157,PS,1589,NA,83,82,NA,1,0,SAN,SMF,480,NA,NA,0,NA,0,NA,NA,NA,NA,NA
1987,10,8,4,2034,2035,2158,2157,PS,1589,NA,84,82,NA,1,-1,SAN,SMF,480,NA,NA,0,NA,0,NA,NA,NA,NA,NA
1987,10,9,5,2052,2035,2219,2157,PS,1589,NA,87,82,NA,22,17,SAN,SMF,480,NA,NA,0,NA,0,NA,NA,NA,NA,NA
1987,10,12,1,2035,2035,2201,2157,PS,1589,NA,86,82,NA,4,0,SAN,SMF,480,NA,NA,0,NA,0,NA,NA,NA,NA,NA
1987,10,13,2,2033,2035,2201,2157,PS,1589,NA,88,82,NA,4,-2,SAN,SMF,480,NA,NA,0,NA,0,NA,NA,NA,NA,NA
1987,10,14,3,2035,2035,2201,2157,PS,1589,NA,86,82,NA,4,0,SAN,SMF,480,NA,NA,0,NA,0,NA,NA,NA,NA,NA
1987,10,15,4,2034,2035,2156,2157,PS,1589,NA,82,82,NA,-1,-1,SAN,SMF,480,NA,NA,0,NA,0,NA,NA,NA,NA,NA
1987,10,16,5,2128,2035,2251,2157,PS,1589,NA,83,82,NA,54,53,SAN,SMF,480,NA,NA,0,NA,0,NA,NA,NA,NA,NA
1987,10,18,7,2034,2035,2200,2157,PS,1589,NA,86,82,NA,3,-1,SAN,SMF,480,NA,NA,0,NA,0,NA,NA,NA,NA,NA
1987,10,19,1,2034,2035,2156,2157,PS,1589,NA,82,82,NA,-1,-1,SAN,SMF,480,NA,NA,0,NA,0,NA,NA,NA,NA,NA
1987,10,20,2,2033,2035,2153,2157,PS,1589,NA,80,82,NA,-4,-2,SAN,SMF,480,NA,NA,0,NA,0,NA,NA,NA,NA,NA
1987,10,21,3,2034,2035,2201,2157,PS,1589,NA,87,82,NA,4,-1,SAN,SMF,480,NA,NA,0,NA,0,NA,NA,NA,NA,NA
1987,10,22,4,2135,2035,2257,2157,PS,1589,NA,82,82,NA,60,60,SAN,SMF,480,NA,NA,0,NA,0,NA,NA,NA,NA,NA
1987,10,23,5,2055,2035,2218,2157,PS,1589,NA,83,82,NA,21,20,SAN,SMF,480,NA,NA,0,NA,0,NA,NA,NA,NA,NA
1987,10,26,1,2036,2035,2200,2157,PS,1589,NA,84,82,NA,3,1,SAN,SMF,480,NA,NA,0,NA,0,NA,NA,NA,NA,NA